9.112000167078401214e-01 3.070979509450875652e-02 2.967131541918925208e+01
-1.802934833544425075e-01 1.399996487720949964e-02 -1.287813826218533819e+01
2.041483758793560810e+00 2.169867673022638777e-01 9.408332978894337728e+00
2.133446124921748233e+00 5.161171247057456946e-02 4.133647233926004105e+01
-3.567584969885820301e-01 1.876531201809670743e-02 -1.901159419276027762e+01
-3.518930146902673073e+01 6.816196647229012306e+00 -5.162600683378498978e+00
-6.339076612104390662e-01 4.018883012992554016e-01 -1.577323000348837212e+00
-7.352076715455008582e+01 1.583042609820950730e+01 -4.644269629790041876e+00
-6.592787006377634818e+00 1.821257072317110648e+00 -3.619910174454341156e+00
-7.286455030728598103e+01 1.594959164185929268e+01 -4.568427326757059426e+00
-4.121991500041729317e+00 2.920609590260246691e+00 -1.411346286675183803e+00
-3.499279939154148877e+01 7.794547930846268180e+00 -4.489394343584754310e+00
-1.466939352512916805e+01 4.647110131060955496e+00 -3.156670083430986207e+00
-6.813029692821102046e+00 1.491066660885655759e+00 -4.569232128612100929e+00
-1.014952507777498525e+01 2.962459068467225176e+00 -3.426047362411776653e+00
-7.056181578763496276e+00 1.238794526601222357e+00 -5.696006421761448557e+00
3.809271688925800703e+00 1.266049136540387421e+00 3.008786609447905658e+00
3.147750404977010863e+00 2.895667285959915738e+00 1.087055277462075420e+00
8.801571788114227246e+00 4.102796806065645896e+00 2.145261440952140664e+00
1.053256849852832921e+01 4.255385159413737739e+00 2.475115202023075334e+00
2.205573635532814691e+01 7.006502821597175412e+00 3.147895164951978852e+00
8.042370072243413048e+00 2.617499549899588995e+00 3.072539237896690256e+00
3.767178641557700214e+00 2.656055998091135795e+00 1.418335548747884145e+00
1.845919320492485305e+00 5.787373684170726840e-01 3.189563040557294116e+00
-6.146341581257201980e+00 1.652388326470421553e+00 -3.719671388859345118e+00
-2.902410281950155824e+00 6.343602017178169294e-01 -4.575334761056208066e+00
-8.749086664566755545e+00 2.390543529624159724e+00 -3.659873395378951066e+00
-5.067088826267373669e+00 1.780691947301817457e+00 -2.845572943678017275e+00
-7.975166678904164641e+00 2.538396538008312664e+00 -3.141812778062513800e+00
-5.477945591960356353e+00 1.819528577397641955e+00 -3.010640041606337025e+00
8.061972625192115771e+00 2.416850713127602024e+00 3.335734632429681934e+00
-1.534933125466622528e+00 7.986892989992240288e-01 -1.921815062991239387e+00
6.699828292044337275e+00 1.867467181961089961e+00 3.587655171004731081e+00
9.098170501700975077e-02 1.529439531006010211e-01 5.948695791664627697e-01
-6.164807288246212935e-02 1.960677596363235298e-01 -3.144222844021378749e-01
