5.955672995809051240e-02
5.083993763827680812e-02
4.505086116622069453e-02
3.723696701684230115e-02
3.081025896654836574e-02
2.370644413644722517e-02
1.901292389170699051e-02
1.516700581398030753e-02
1.068239351986157402e-02
9.708767655242445463e-03
9.202595006591937979e-03
9.401543155739801316e-03
7.769687128049027926e-03
7.244822279724490686e-03
7.766549700888071735e-03
6.579227923215262910e-03
6.558646259487480555e-03
6.332889874552516743e-03
6.529717048406340554e-03
6.570345016762770864e-03
6.231915868532088461e-03
6.875590275511600513e-03
6.765331701685583198e-03
7.486452338460510697e-03
7.879047806960214062e-03
