7.606105336226175184e-02
6.851084073166434363e-02
5.802986170269097688e-02
4.480651251223781439e-02
3.428887575144937833e-02
2.624583768057746000e-02
2.351020070538076268e-02
1.956947541640831345e-02
1.268130726671415180e-02
1.113509327742249859e-02
9.496063803914382012e-03
9.631984221766481599e-03
7.479318385818950130e-03
6.096739265870098831e-03
6.026178150430379181e-03
5.329637357461548992e-03
4.753258984977114417e-03
4.746586004790461985e-03
4.224382126918825760e-03
4.484477777983979924e-03
4.291201334252326902e-03
4.393035729567756030e-03
4.344640176224805889e-03
5.080990030332848718e-03
5.547649804529285189e-03
