9.112000167078401214e-01
-1.802934833544425075e-01
2.041483758793560810e+00
2.133446124921748233e+00
-3.567584969885820301e-01
-3.518930146902673073e+01
-6.339076612104390662e-01
-7.352076715455008582e+01
-6.592787006377634818e+00
-7.286455030728598103e+01
-4.121991500041729317e+00
-3.499279939154148877e+01
-1.466939352512916805e+01
-6.813029692821102046e+00
-1.014952507777498525e+01
-7.056181578763496276e+00
3.809271688925800703e+00
3.147750404977010863e+00
8.801571788114227246e+00
1.053256849852832921e+01
2.205573635532814691e+01
8.042370072243413048e+00
3.767178641557700214e+00
1.845919320492485305e+00
-6.146341581257201980e+00
-2.902410281950155824e+00
-8.749086664566755545e+00
-5.067088826267373669e+00
-7.975166678904164641e+00
-5.477945591960356353e+00
8.061972625192115771e+00
-1.534933125466622528e+00
6.699828292044337275e+00
9.098170501700975077e-02
-6.164807288246212935e-02
