8.328923966375654242e-01 3.351609666280690181e-02 2.485051899142638732e+01
-1.494849090415062698e-01 1.421686359627051012e-02 -1.051461934830129685e+01
-6.508477505784174832e-01 2.464841928195495302e-01 -2.640525313746596048e+00
-5.047926024799362366e-02 1.177804800472278535e-01 -4.285876592433003340e-01
-3.046542525877548591e-01 4.184261541160767817e-02 -7.280956259326941016e+00
3.993648345742263350e-01 5.830584072012630348e-02 6.849482481372943354e+00
-5.950538787667168705e+00 4.862746671385206887e-01 -1.223699112825075908e+01
-1.071899423162058079e-01 8.509230388637313569e-02 -1.259690211929629378e+00
-1.533944427366315200e+00 4.202043544576563594e-01 -3.650472469154027788e+00
-1.910120094128251678e+00 4.358733648705935271e-01 -4.382282213310618957e+00
-2.005390234100668523e-01 6.572868738678337985e-01 -3.051012143753701888e-01
2.863347705728002790e+00 6.863346838322553767e-01 4.171940852151110768e+00
-4.025586922117270205e-01 5.458075899771059891e-01 -7.375468930884827579e-01
-5.802879543016475905e-01 5.505473676384122772e-01 -1.054020032446632893e+00
-4.183098629324739637e-01 1.646804258721374647e-01 -2.540131049073564906e+00
-4.985517398928226984e-01 2.850614205378931842e-01 -1.748927437995946743e+00
-3.350155238354751486e+00 3.745786541545255144e-01 -8.943796452887854187e+00
1.694540532346939576e+00 3.244097072355043854e-01 5.223458159705413273e+00
2.025284096222778718e+00 7.759313979329802713e-01 2.610132933939746547e+00
-3.627184421359176625e+00 8.035633201773385581e-01 -4.513875049148202478e+00
7.871790699651598500e-01 9.743096955468730780e-01 8.079351704730002304e-01
5.153817045512298911e-01 1.003590489386111395e+00 5.135378523430258468e-01
8.932318571027447751e-02 5.385982082715675689e-01 1.658438226092959211e-01
-3.375520428501067038e-01 6.038509092618989937e-01 -5.589989808290666273e-01
-9.427659277482222655e-02 1.165549008600442332e-01 -8.088599628086582394e-01
1.201972367996621827e-01 1.928918096065458943e-01 6.231329212206385693e-01
-1.434708626489468397e+00 1.687071976366918691e-01 -8.504134065335430037e+00
4.604902155393520435e-01 2.806166378907082870e-01 1.640993987386803132e+00
-1.607865335972364085e-01 3.821642806719569019e-01 -4.207262209710612155e-01
2.774708094043753515e-01 4.227852314013391677e-01 6.562925778762112028e-01
-5.477365963643465729e-01 3.597328067373575800e-01 -1.522620639835752687e+00
1.104331506006297259e+00 3.833321757515874562e-01 2.880873497877053602e+00
-5.499724899081828017e-02 1.709916855008466186e-01 -3.216369780187117722e-01
-1.948197550945256762e-01 2.128959642900357108e-01 -9.150936972629308830e-01
8.779515267770733600e-02 3.884878855152133770e-02 2.259919960213771617e+00
-6.933254454311192638e-02 4.194499323075321501e-02 -1.652939700375936960e+00
