5.938519303834081942e-02
5.135131831241650235e-02
4.481480863973801715e-02
3.684250962911259780e-02
3.082945809228830950e-02
2.390812379569488832e-02
1.925414545256132898e-02
1.530273720384942374e-02
1.053080462540824380e-02
9.587948072929312546e-03
9.138742246404783776e-03
9.454832620622615619e-03
7.727078471717078664e-03
7.207729412828969319e-03
7.826793489204484505e-03
6.549157268074063711e-03
6.546840081640315119e-03
6.315682476504109154e-03
6.541598839644994189e-03
6.596002582517120592e-03
6.242590786611150466e-03
6.921945876101478351e-03
6.787172971077013242e-03
7.492795278733188451e-03
7.823733393657369972e-03
