7.600008583467966761e-02
6.876628526454893475e-02
5.782188771376840786e-02
4.461434344609776365e-02
3.438368693634984152e-02
2.652022842307369052e-02
2.352533024213954854e-02
1.942857043198749356e-02
1.277349130846672925e-02
1.111499183264016109e-02
9.458949232561478238e-03
9.455026277664174694e-03
7.435608175334671062e-03
6.131399076212911900e-03
6.014960427526775018e-03
5.350708665473978033e-03
4.801705170554494868e-03
4.766490695541888804e-03
4.280246490309795940e-03
4.495520058448338428e-03
4.315634121408666590e-03
4.405873481934462210e-03
4.369281862868810290e-03
5.049420529763364897e-03
5.498567400992336769e-03
