8.328923966375654242e-01
-1.494849090415062698e-01
-6.508477505784174832e-01
-5.047926024799362366e-02
-3.046542525877548591e-01
3.993648345742263350e-01
-5.950538787667168705e+00
-1.071899423162058079e-01
-1.533944427366315200e+00
-1.910120094128251678e+00
-2.005390234100668523e-01
2.863347705728002790e+00
-4.025586922117270205e-01
-5.802879543016475905e-01
-4.183098629324739637e-01
-4.985517398928226984e-01
-3.350155238354751486e+00
1.694540532346939576e+00
2.025284096222778718e+00
-3.627184421359176625e+00
7.871790699651598500e-01
5.153817045512298911e-01
8.932318571027447751e-02
-3.375520428501067038e-01
-9.427659277482222655e-02
1.201972367996621827e-01
-1.434708626489468397e+00
4.604902155393520435e-01
-1.607865335972364085e-01
2.774708094043753515e-01
-5.477365963643465729e-01
1.104331506006297259e+00
-5.499724899081828017e-02
-1.948197550945256762e-01
8.779515267770733600e-02
-6.933254454311192638e-02
