5.466875858129947030e-01 1.638538298879613567e-02 3.336434590432242686e+01
-2.715027020083995990e-01 1.964970150190199494e-01 -1.381714129255955603e+00
-8.617238723175571491e-02 8.977102917588510034e-02 -9.599131036241247417e-01
-4.085059332420685196e-01 3.380817487116966058e-02 -1.208305194819691408e+01
4.382438527713843901e-01 3.942337823017415949e-02 1.111634447491255351e+01
-7.135011645304178529e+00 6.016240953429421445e-01 -1.185958424959197721e+01
1.029743673515561148e-01 8.735311198030627777e-02 1.178828836398772451e+00
-3.000751728378233008e+00 5.246437717711994742e-01 -5.719598496800378129e+00
-6.444203962975992850e-01 4.179264151314032727e-01 -1.541947034132749028e+00
-2.230842841935273047e+00 7.681324552228767644e-01 -2.904242395652953945e+00
5.464490284899857109e+00 9.218725481210339190e-01 5.927598447353284783e+00
-2.393903917782317148e+00 7.267638125536151072e-01 -3.293922834945380629e+00
1.113518166958711531e+00 7.528175785153898847e-01 1.479134120585559486e+00
-1.058831637637964063e+00 2.270668606265547895e-01 -4.663083088022122347e+00
3.191387433947869695e-02 2.990992138056445815e-01 1.066999606365278269e-01
-1.311382937799577375e+00 2.622771845087237819e-01 -4.999988619886829966e+00
8.208290321412023971e-01 3.175867131103653485e-01 2.584582409327540464e+00
6.423499676710921591e+00 9.798509601012311832e-01 6.555588490771383725e+00
-6.564155599487140336e+00 9.820743784968420931e-01 -6.683969914309548344e+00
4.770133914227679739e+00 1.251070693037778181e+00 3.812841225338844620e+00
-4.424312271724886614e+00 1.342619320714045106e+00 -3.295284227976031932e+00
1.051511808828530903e+00 6.599471478750992270e-01 1.593327302366853715e+00
-1.729243619932322895e+00 7.104657868690974487e-01 -2.433957625958045323e+00
-1.577835065298709705e-01 1.388496035631399395e-01 -1.136362672134826113e+00
5.938060420085303770e-01 2.214821873877231562e-01 2.681055524203502127e+00
-2.421298765544448894e+00 1.859133861909835761e-01 -1.302380003480285708e+01
8.961187830574889324e-01 2.356854638651943723e-01 3.802180959153443229e+00
-2.492626083970042039e+00 4.502597420686218488e-01 -5.535973686028881957e+00
3.432868241930583597e+00 5.614620005964899851e-01 6.114159530446492852e+00
-1.572917057968336252e+00 4.594751370166004212e-01 -3.423290905752552682e+00
1.896055692051824781e+00 4.856887206766221654e-01 3.903849546702244933e+00
4.011362042232394926e-02 2.000776349506822593e-01 2.004902768478429853e-01
-6.482610660864253083e-01 2.483124835341986025e-01 -2.610666434726968355e+00
1.743143218869994682e-01 4.648024237662281427e-02 3.750288573681592297e+00
-5.251695375311951630e-02 5.130902584775283437e-02 -1.023542210856836610e+00
