5.936574955916874841e-02
5.135870374296741536e-02
4.484473355929908395e-02
3.683833379707836947e-02
3.083711280063573118e-02
2.390534766388420149e-02
1.924244322559637635e-02
1.528249111693552251e-02
1.053913939729829788e-02
9.589148626744274997e-03
9.135027632845496917e-03
9.439950155441807766e-03
7.736588206616039354e-03
7.221422091999717650e-03
7.827588210306371183e-03
6.557291199506796314e-03
6.546603406587664375e-03
6.310167730183684556e-03
6.531007288056400913e-03
6.587018657528370333e-03
6.242760499210096847e-03
6.927205593401137770e-03
6.798307416907325464e-03
7.499082047534703400e-03
7.813962715170694184e-03
