7.598376536995816999e-02
6.864454860529926872e-02
5.784895784809170050e-02
4.476799050919394451e-02
3.451697165204172663e-02
2.656807848510757408e-02
2.346679455359474906e-02
1.933695477282048117e-02
1.268671889057989589e-02
1.104103803324852327e-02
9.409503633007387444e-03
9.453708003543250665e-03
7.441754621439467671e-03
6.143275417760262272e-03
6.051499509100236041e-03
5.388981337276413548e-03
4.836417157918249630e-03
4.805984317381835347e-03
4.306733226177157821e-03
4.522774459573350100e-03
4.330024060241946873e-03
4.409015147339436294e-03
4.355527421854550087e-03
5.018753191694734668e-03
5.439966542032971530e-03
