5.466875858129947030e-01
-2.715027020083995990e-01
-8.617238723175571491e-02
-4.085059332420685196e-01
4.382438527713843901e-01
-7.135011645304178529e+00
1.029743673515561148e-01
-3.000751728378233008e+00
-6.444203962975992850e-01
-2.230842841935273047e+00
5.464490284899857109e+00
-2.393903917782317148e+00
1.113518166958711531e+00
-1.058831637637964063e+00
3.191387433947869695e-02
-1.311382937799577375e+00
8.208290321412023971e-01
6.423499676710921591e+00
-6.564155599487140336e+00
4.770133914227679739e+00
-4.424312271724886614e+00
1.051511808828530903e+00
-1.729243619932322895e+00
-1.577835065298709705e-01
5.938060420085303770e-01
-2.421298765544448894e+00
8.961187830574889324e-01
-2.492626083970042039e+00
3.432868241930583597e+00
-1.572917057968336252e+00
1.896055692051824781e+00
4.011362042232394926e-02
-6.482610660864253083e-01
1.743143218869994682e-01
-5.251695375311951630e-02
