5.922770321066163357e-02
5.151136313704507419e-02
4.498722249562511072e-02
3.686350207780809962e-02
3.062315209061886034e-02
2.374606503685451966e-02
1.916481114478867098e-02
1.530958472694226268e-02
1.064744867098078689e-02
9.679833384887804454e-03
9.189551588625190920e-03
9.445049459916364173e-03
7.731183659684890894e-03
7.200482968990565107e-03
7.782292678557402657e-03
6.541547074887461670e-03
6.539934553502490221e-03
6.319526233198776051e-03
6.542917315016546359e-03
6.597819640486066520e-03
6.251419076879252343e-03
6.919836127644958361e-03
6.789745123275698485e-03
7.492805799993802057e-03
7.822219069232010796e-03
