7.599193056173308980e-02
6.826366166456486473e-02
5.766735232888839380e-02
4.481050128525563420e-02
3.470041601807184739e-02
2.673934763806022630e-02
2.382972430438594358e-02
1.961805484983161763e-02
1.261561825806945501e-02
1.097808863911046637e-02
9.327349732622941883e-03
9.431225702907268527e-03
7.360044951290741974e-03
6.041567036116843314e-03
5.979698074292026828e-03
5.318261202102141788e-03
4.769350585648769389e-03
4.762547493908617785e-03
4.263719299170888599e-03
4.511180095841329715e-03
4.327792355807677169e-03
4.426468041474989484e-03
4.381311939751731874e-03
5.084512059546160770e-03
5.523766466678608350e-03
