2.801263636592572139e-09
9.487335406563734304e-08
-7.154893478190888167e+00
-1.910395088211933046e-01
-1.688818902210387884e+00
-1.211576384462963452e+00
-6.044401262112759632e-01
1.582067959324623185e+00
1.279656416741207892e+00
-3.168648639194516115e+00
1.817543547625778411e-01
5.259981505099837751e-01
-4.012062805382225483e-01
1.183284419731994497e+00
2.952433457902804648e+00
8.351754685480001772e-01
-5.903833743836274239e-01
-4.030942884974237916e-01
-1.494807728581852846e+00
-9.157935971032699074e-02
-5.897624109621011357e-01
1.472068257022568938e+00
-5.289272447734700844e-01
-2.464477449817196408e+00
-8.602805447875746525e-01
3.859170683805579927e+00
4.170208893460098376e-01
-6.081321059898447956e-01
7.403335991077161227e-01
-1.487394932838994821e+00
7.824220731405841234e-02
5.685085870462475849e-02
