-3.368870777366812064e+00
-4.221705832422006033e+00
-5.019985310098289411e+00
-5.787213739864951911e+00
-6.482534983871449441e+00
-7.139467914441598673e+00
-7.706187846871265457e+00
-8.204906552069754611e+00
-8.695052041503608109e+00
-8.994662656062359929e+00
-9.210380371149758716e+00
-9.332058506954258092e+00
-9.507259811364420443e+00
-9.583494989125274088e+00
-9.563219360728105300e+00
-9.641456793859971341e+00
-9.639941076466428171e+00
-9.669518189268341501e+00
-9.701599800606402368e+00
-9.799520595924080979e+00
-1.000129028560011513e+01
-1.023132818918055875e+01
-1.064025528413993626e+01
-1.114672793505795667e+01
-1.185799776225331392e+01
-2.706857955819890194e+00
-2.934119314639659581e+00
-3.782179880887579504e+00
-4.595134946936264342e+00
-5.333884064518426449e+00
-6.033423977703875174e+00
-6.643130057996242677e+00
-7.186136315154830534e+00
-7.722515181673449192e+00
-8.070671605104795532e+00
-8.337336352949126450e+00
-8.512173721897140055e+00
-8.742279620684362484e+00
-8.874420099171878462e+00
-8.910028007394833693e+00
-9.042826927036493601e+00
-9.092972544388310041e+00
-9.169454922986506773e+00
-9.241551998389931910e+00
-9.370186907692657385e+00
-9.590679997358758868e+00
-9.824483407467294427e+00
-1.021897312055047635e+01
-1.068928269087980709e+01
-1.133886036295202437e+01
-2.795704937387569977e+00
-2.367482740400099761e+00
-2.613136146441447316e+00
-3.476164441465435129e+00
-4.259824669987120949e+00
-5.001017326049932876e+00
-5.650720655609483778e+00
-6.233370668640874079e+00
-6.810040922563794119e+00
-7.199836614037559812e+00
-7.509887885928137052e+00
-7.729957536780725391e+00
-8.006939103136312852e+00
-8.187095388305772659e+00
-8.271055121510556774e+00
-8.451436889373296069e+00
-8.546990508800174524e+00
-8.664999299728259885e+00
-8.772733579842439511e+00
-8.928807994119594582e+00
-9.165933522670288269e+00
-9.402652064997973014e+00
-9.783128488906521980e+00
-1.021898435978313380e+01
-1.080985505899179699e+01
-2.861072124238913883e+00
-2.459397182130571569e+00
-2.139395474484474757e+00
-2.420245174096411933e+00
-3.250299751386795055e+00
-4.032190910765907965e+00
-4.718902592442076660e+00
-5.336552566418226284e+00
-5.947572217113518356e+00
-6.372100634623597770e+00
-6.717977921494810545e+00
-6.975352903145857653e+00
-7.291181210552580616e+00
-7.511463808678642273e+00
-7.636243655521647966e+00
-7.857229633567824223e+00
-7.991937922596624944e+00
-8.146094272528182856e+00
-8.285087498086564750e+00
-8.465326808376232748e+00
-8.716993814719534939e+00
-8.955777114941627204e+00
-9.322664342334260112e+00
-9.725775894958566425e+00
-1.026092205410817648e+01
-2.939377754221417227e+00
-2.558409686118198412e+00
-2.252634272722335407e+00
-2.065666596022769586e+00
-2.341727544394382132e+00
-3.163362968490707416e+00
-3.884094104968401684e+00
-4.532100245498146052e+00
-5.171527302893739630e+00
-5.623881903914647040e+00
-5.998024695797591122e+00
-6.284778056557468240e+00
-6.631424178223894295e+00
-6.883943595452896247e+00
-7.042011844512336083e+00
-7.296623394635555648e+00
-7.464233020723073153e+00
-7.649158076258297356e+00
-7.815031987922805179e+00
-8.016161585201240669e+00
-8.280279108211509254e+00
-8.520276792009456202e+00
-8.873998915603953819e+00
-9.246075531289266181e+00
-9.728479583128626373e+00
-3.029947962428893860e+00
-2.663846389970943473e+00
-2.367845251290284558e+00
-2.184063930895633110e+00
-2.084871940076582497e+00
-2.393859633696085787e+00
-3.145621329504913355e+00
-3.819339842256661122e+00
-4.481232316576599928e+00
-4.954506558837503682e+00
-5.349354345444436554e+00
-5.657559133017608488e+00
-6.026994141666129678e+00
-6.303860883858249942e+00
-6.487685823566791576e+00
-6.768944307593703691e+00
-6.963201938171833305e+00
-7.173516845905829165e+00
-7.361893184342704899e+00
-7.580638459591792611e+00
-7.855115538147558141e+00
-8.095477231202300672e+00
-8.436458343708659768e+00
-8.779209403742658679e+00
-9.211853781010972853e+00
-3.201118063988819706e+00
-2.844042609323418347e+00
-2.553363728229524288e+00
-2.369617524576061562e+00
-2.264039989878204651e+00
-2.277302675306676072e+00
-2.571819580870023714e+00
-3.266606672599392081e+00
-3.945022573740637917e+00
-4.432309914794563710e+00
-4.840302185639593802e+00
-5.162031447300021725e+00
-5.546226415127919473e+00
-5.839550987724157594e+00
-6.041600906250212510e+00
-6.342527685861149678e+00
-6.557179988282276994e+00
-6.787505894761372893e+00
-6.994006400601391782e+00
-7.227092744781109523e+00
-7.509838417761772078e+00
-7.749713745806635856e+00
-8.078377940066946650e+00
-8.393512825974649871e+00
-8.779379961771837770e+00
-3.350754426809801512e+00
-2.996864712141897424e+00
-2.707056071678329179e+00
-2.520193746749744612e+00
-2.406279271075657533e+00
-2.405186143873943472e+00
-2.466941261311131228e+00
-2.771767103213171435e+00
-3.460764443644384958e+00
-3.955158342057496057e+00
-4.368734587319390350e+00
-4.696061370653450417e+00
-5.086987369775678225e+00
-5.388880277897365012e+00
-5.601623463061143227e+00
-5.915239899684753944e+00
-6.144033541177725155e+00
-6.388991592931156482e+00
-6.609238006852061531e+00
-6.853390810982488368e+00
-7.142314117291985731e+00
-7.380852705988366402e+00
-7.697624074615080580e+00
-7.986852167473443842e+00
-8.328924494176572324e+00
-3.402606901359633174e+00
-3.046062549244311857e+00
-2.752672132908042357e+00
-2.559542449396964514e+00
-2.435339637857712347e+00
-2.419024852774898537e+00
-2.460135696486108081e+00
-2.578166228223182532e+00
-2.952207775203204765e+00
-3.446801692454523725e+00
-3.858401403662912177e+00
-4.183398757220934350e+00
-4.573026860410486449e+00
-4.875598609490742419e+00
-5.091503349123867928e+00
-5.410830804008975647e+00
-5.647512451549392409e+00
-5.901723794860513905e+00
-6.131337857341266684e+00
-6.383282512299363276e+00
-6.676292490734681451e+00
-6.912643965641848354e+00
-7.217946601112323890e+00
-7.482977281789584545e+00
-7.784237231464539164e+00
-3.606453545368772939e+00
-3.241414177808279007e+00
-2.939989969015310400e+00
-2.737441689651172183e+00
-2.600999147706875458e+00
-2.568596861313376500e+00
-2.589155491568949419e+00
-2.681961852358843323e+00
-2.899848692583676613e+00
-3.157018019433934342e+00
-3.559080687389802655e+00
-3.873821658640884014e+00
-4.254122937851209763e+00
-4.549484032794119059e+00
-4.761018614427563023e+00
-5.079078448693241654e+00
-5.317394769244986108e+00
-5.575480550445888639e+00
-5.810084002029766381e+00
-6.066545898760757005e+00
-6.361551588234481081e+00
-6.594865575168578964e+00
-6.889123570485344850e+00
-7.131666220785503718e+00
-7.395096226961005215e+00
-3.813932258903334649e+00
-3.434557498169271028e+00
-3.120647480462254375e+00
-2.905529368037282012e+00
-2.754895701103011962e+00
-2.705540069804854397e+00
-2.705638547243582437e+00
-2.774129699535892168e+00
-2.963894368463924955e+00
-3.083149762081672129e+00
-3.322410339465485585e+00
-3.618967977423590554e+00
-3.981913505418670063e+00
-4.262174451619138438e+00
-4.461807163012490030e+00
-4.771620737791563371e+00
-5.005318398206415331e+00
-5.261899763491769022e+00
-5.497114344621162552e+00
-5.754818874008481799e+00
-6.049729313362815830e+00
-6.279155437984981880e+00
-6.562792885820737609e+00
-6.784556886951553345e+00
-7.013139382219564233e+00
-4.115016560551796765e+00
-3.715466028694633938e+00
-3.384618185311939698e+00
-3.153779002462752334e+00
-2.987002815817434431e+00
-2.919827995934032749e+00
-2.899558381338485535e+00
-2.944643288698001182e+00
-3.107857295587956425e+00
-3.197694331442425320e+00
-3.308360982236729253e+00
-3.508811230052985231e+00
-3.846372079354619888e+00
-4.103643381945003554e+00
-4.283842510658665503e+00
-4.578431186921810614e+00
-4.801256853912049927e+00
-5.050954949382753689e+00
-5.282402400474744297e+00
-5.538074953435862646e+00
-5.830799181586765911e+00
-6.055487069667883304e+00
-6.328928062861834292e+00
-6.531622796292595901e+00
-6.728340213642061585e+00
-4.312860668041195389e+00
-3.887293987765384706e+00
-3.535056302618371227e+00
-3.285344812581710183e+00
-3.100474712054324566e+00
-3.014614860443158850e+00
-2.974069215087514095e+00
-2.996656841567339136e+00
-3.134891696568520736e+00
-3.197376718865040601e+00
-3.278797134498234289e+00
-3.354528166185749338e+00
-3.650652881999165267e+00
-3.877045046838136777e+00
-4.030278881126577950e+00
-4.302664020441521409e+00
-4.508364361105145157e+00
-4.745800332986322090e+00
-4.969102394361970987e+00
-5.219468361606856455e+00
-5.507915417227730259e+00
-5.727014694261433725e+00
-5.990683325279010596e+00
-6.176018171914670063e+00
-6.343852943471632422e+00
-4.548188471662498955e+00
-4.090765265380691851e+00
-3.712685721915670367e+00
-3.440950687671872732e+00
-3.236035278837444906e+00
-3.130624552099133151e+00
-3.069894937076202091e+00
-3.070894246737118749e+00
-3.185721460359138835e+00
-3.222920814514851795e+00
-3.277475108383708591e+00
-3.325413413608091950e+00
-3.498309156429914246e+00
-3.723103334009372212e+00
-3.841840161266122600e+00
-4.085043124765324052e+00
-4.267364805997164723e+00
-4.487159800478244698e+00
-4.697938212529149560e+00
-4.939722984890898339e+00
-5.221801906805932703e+00
-5.434462198479804051e+00
-5.688782560075562600e+00
-5.858466901280872996e+00
-6.000401459888397682e+00
-4.883068997539656841e+00
-4.387948887382059127e+00
-3.979575468715903064e+00
-3.682665652875247275e+00
-3.455753541041214572e+00
-3.329926095505465700e+00
-3.249104571610264447e+00
-3.229424528208769907e+00
-3.322415610698830957e+00
-3.336395642023966879e+00
-3.366463928000074546e+00
-3.389108967330785482e+00
-3.536706533985290335e+00
-3.639758205915395006e+00
-3.780595374914675677e+00
-3.987637523255466832e+00
-4.140327211794074813e+00
-4.337102374979769692e+00
-4.530978878063759652e+00
-4.760907846397201659e+00
-5.034527673496749678e+00
-5.239898605585038283e+00
-5.485294790610120153e+00
-5.641038007870112558e+00
-5.760054786546011663e+00
-5.183847893608446000e+00
-4.645190502235002405e+00
-4.202071192072018846e+00
-3.876835357776145852e+00
-3.625975148747059951e+00
-3.478865141217300838e+00
-3.378043769703871213e+00
-3.338593337413376272e+00
-3.411319799360703620e+00
-3.404146853388632987e+00
-3.412109245487127129e+00
-3.411960479959383452e+00
-3.536670901799393363e+00
-3.617666225655665979e+00
-3.639824194191147999e+00
-3.876792868532882519e+00
-3.993597230927853126e+00
-4.161973709033100377e+00
-4.334570043561673636e+00
-4.549368598656254647e+00
-4.812438369683096795e+00
-5.009669567772903065e+00
-5.246565668854471731e+00
-5.390077143348776190e+00
-5.489158574659019685e+00
-5.502896853218507189e+00
-4.914861803152541064e+00
-4.432544585036893636e+00
-4.075831495201115651e+00
-3.799071794639719890e+00
-3.629813381767834635e+00
-3.509084223729729057e+00
-3.450772366573477079e+00
-3.504805718452883578e+00
-3.478546140676988863e+00
-3.466782752998010420e+00
-3.446339643898377325e+00
-3.550573952992159832e+00
-3.611614399986970980e+00
-3.615357943364946536e+00
-3.739093711509299034e+00
-3.879546555397544783e+00
-4.014145494322071350e+00
-4.161083400700572810e+00
-4.357476933411211562e+00
-4.607905687193293964e+00
-4.796146776963938763e+00
-5.024966886837639812e+00
-5.157955999894486609e+00
-5.240084516631105416e+00
-5.885316513823608986e+00
-5.242063427320045932e+00
-4.716096284558926932e+00
-4.324754701820118896e+00
-4.020144115138606367e+00
-3.827871453378454358e+00
-3.687326569724637793e+00
-3.611062251548541990e+00
-3.647974003669585130e+00
-3.604694139441027012e+00
-3.575585086000245827e+00
-3.537347094634114786e+00
-3.623516323212590873e+00
-3.666703365151589900e+00
-3.653589908116547935e+00
-3.762552665462242096e+00
-3.797804748903447880e+00
-3.938718366440896457e+00
-4.055619585010767025e+00
-4.230333486230351880e+00
-4.466030261647737198e+00
-4.644430868838692383e+00
-4.865599080305872626e+00
-4.989775213331014925e+00
-5.057933248396395243e+00
-6.232596774181958565e+00
-5.528285274067774147e+00
-4.954216190501061767e+00
-4.525094878017676514e+00
-4.190682011092625281e+00
-3.974529257309075359e+00
-3.814260709323756604e+00
-3.720952894324684568e+00
-3.742314557316347212e+00
-3.684080752251681190e+00
-3.640006147243178170e+00
-3.586472734995075573e+00
-3.656987915288803404e+00
-3.684423023964680244e+00
-3.656009991595987163e+00
-3.750965274937140492e+00
-3.774631229939981125e+00
-3.820878383825655700e+00
-3.919668498180212790e+00
-4.069428158951891916e+00
-4.288301994932568917e+00
-4.456011745238725119e+00
-4.669952151005363206e+00
-4.787024685270290014e+00
-4.844194671374900452e+00
-6.670315444994660226e+00
-5.899105153341810848e+00
-5.272482112107242713e+00
-4.802429832333723780e+00
-4.436263290342256305e+00
-4.195364600852147241e+00
-4.015464449342249331e+00
-3.906022101281841685e+00
-3.913405185378469930e+00
-3.842283784753513398e+00
-3.785623742125805435e+00
-3.719294370281933215e+00
-3.776566534589429924e+00
-3.790351182011375997e+00
-3.748195999758913377e+00
-3.829909346735130171e+00
-3.841701626620729559e+00
-3.878587560257429345e+00
-3.895839680256602211e+00
-4.000338757743580054e+00
-4.200298693564667118e+00
-4.356467212880768436e+00
-4.563603905828461649e+00
-4.675282222794195697e+00
-4.724446592909018250e+00
-7.078028932492270719e+00
-6.234079472111235809e+00
-5.550450457023701212e+00
-5.036315973058736795e+00
-4.636444361768877087e+00
-4.369933893388598278e+00
-4.170494199596856078e+00
-4.045826282638797622e+00
-4.040802298444685192e+00
-3.958859647857658981e+00
-3.891994281799914024e+00
-3.815368411770399426e+00
-3.861808592388743300e+00
-3.864044250458290808e+00
-3.809704343605278432e+00
-3.878941291698061011e+00
-3.878572349950560660e+00
-3.904481881342921401e+00
-3.913074851485523364e+00
-3.952634157801603987e+00
-4.081576766433118841e+00
-4.225353681058880539e+00
-4.426110754084591647e+00
-4.534104235107265346e+00
-4.578245422019167066e+00
-7.529357132456738100e+00
-6.606828125660208606e+00
-5.861741120077006428e+00
-5.300373194593843706e+00
-4.864845119358488290e+00
-4.571857028573997006e+00
-4.352969853483592111e+00
-4.213985331566075132e+00
-4.198125789482512360e+00
-4.107428234351019114e+00
-4.032737658908954970e+00
-3.948314752024396412e+00
-3.986333981257806691e+00
-3.979122121969890902e+00
-3.914154915959947800e+00
-3.971681002872677446e+00
-3.958863293309458964e+00
-3.972181241243044614e+00
-3.968884338921824018e+00
-3.998349446259786610e+00
-4.084832798722069391e+00
-4.136291042915345884e+00
-4.331092589506884138e+00
-4.437110616135473862e+00
-4.479211052795645465e+00
-7.980280126183472156e+00
-6.973331195463953414e+00
-6.162334182907141411e+00
-5.550581578756387913e+00
-5.077445645111778205e+00
-4.757114088569786681e+00
-4.518871493308096454e+00
-4.366479330500214751e+00
-4.341355741049990336e+00
-4.243969626901348491e+00
-4.163833956209869847e+00
-4.074113473859505952e+00
-4.106122784036585927e+00
-4.091564879377981079e+00
-4.017527799620149054e+00
-4.064108563002047703e+00
-4.038554539382020359e+00
-4.037665722633897225e+00
-4.019248225558263776e+00
-4.033471609299573046e+00
-4.105620891282463880e+00
-4.147831129901137004e+00
-4.234529493255672072e+00
-4.340281447582079899e+00
-4.383323567030596557e+00
-8.518026469587594462e+00
-7.420817236584729137e+00
-6.539458199919188530e+00
-5.874169679455274462e+00
-5.361474492534482827e+00
-5.012933626536695719e+00
-4.755427671985340332e+00
-4.590536832155107660e+00
-4.557720705678295126e+00
-4.455712377867013352e+00
-4.372511725899903112e+00
-4.279993129337076319e+00
-4.308403552699470396e+00
-4.288601074642423683e+00
-4.207051546612431636e+00
-4.243452524256774439e+00
-4.204874640554564280e+00
-4.188163878194259837e+00
-4.151395064486816722e+00
-4.145229200775115252e+00
-4.195665470342789583e+00
-4.215775822914518578e+00
-4.345497024420859056e+00
-4.330845283051098171e+00
-4.377811518983911299e+00
-9.040280457347108722e+00
-7.846970544023319505e+00
-6.890797466601428667e+00
-6.168821792639349155e+00
-5.614615958009927965e+00
-5.236999939240374324e+00
-4.960322686579458740e+00
-4.783842133849563361e+00
-4.744904980920961357e+00
-4.640340785022348591e+00
-4.556455265952399358e+00
-4.463638016589442259e+00
-4.490860585475401123e+00
-4.467915006009826051e+00
-4.380410455118744828e+00
-4.407397184674728408e+00
-4.355507894648019906e+00
-4.321360005469143672e+00
-4.263009152943815216e+00
-4.231306517649295884e+00
-4.252650832806467385e+00
-4.240722968674356608e+00
-4.336277981772576950e+00
-4.448978846699318090e+00
-4.360359204038828373e+00
