6.103690261840714060e-01 2.420947725333947448e-02 2.521198701636057038e+01
2.394382088627106775e+00 2.397761383311457495e-01 9.985906459634096066e+00
2.045176668664614450e+00 5.883979848231984944e-02 3.475839009338463370e+01
-3.556547132472501760e-01 1.575471879339267536e-02 -2.257448818422624726e+01
-4.841112705117122061e+01 1.063624737007905630e+01 -4.551523236226818980e+00
-4.887540629194169761e-01 5.306774156679454624e-01 -9.210003073227432946e-01
-1.012372719665962251e+02 2.254161072641590380e+01 -4.491128570859357794e+00
-8.861843744216226781e+00 3.015775130564740891e+00 -2.938496194362056890e+00
-9.912306653795050693e+01 2.119421776816232850e+01 -4.676891953372861011e+00
-5.409760445956276698e+00 3.848219735825950227e+00 -1.405782626078437847e+00
-4.752580681149441943e+01 9.888394696477966761e+00 -4.806220652622420708e+00
-1.047264860002117537e+01 5.484886925396933677e+00 -1.909364539773677150e+00
-9.222273651494591107e+00 1.834854129553697977e+00 -5.026161754742747512e+00
-6.670129121004319650e+00 3.530439648499065441e+00 -1.889319683977621622e+00
-6.310928191492833683e+00 1.676836911771675709e+00 -3.763590929558540576e+00
6.077292746191465866e+00 2.322915888119523764e+00 2.616234525440020331e+00
1.074506409569244170e+01 4.643219664224640830e+00 2.314140805889857155e+00
1.051549450687018350e+01 5.072580778322431705e+00 2.073006811800401472e+00
2.341801558573616759e+01 8.559804969323744572e+00 2.735811816935155516e+00
1.154650003724201923e+01 8.210384321418759512e+00 1.406328813027692304e+00
1.567045746343440094e+01 5.694312120498355334e+00 2.751949161168031122e+00
-3.496918154326889017e+00 4.997976014244093435e+00 -6.996668540146588899e-01
3.407417955644226559e+00 1.303460017799453974e+00 2.614133083573017213e+00
-5.749240399805891855e+00 1.949468894832601551e+00 -2.949131640440752822e+00
-4.981464451111217606e+00 1.013198860378665689e+00 -4.916571312811663041e+00
-9.795776030268001477e+00 2.704081025217228706e+00 -3.622589685337210152e+00
-1.084345534749096629e+01 3.255309991682009407e+00 -3.331005457298456651e+00
-1.676880619751943913e+00 2.853168518403090381e+00 -5.877257543450286059e-01
-9.874479272860209988e+00 3.484693667431033148e+00 -2.833672114467329806e+00
1.229825350565667108e+01 4.258457829900663683e+00 2.887959443746223709e+00
-2.541545878479648746e+00 1.442037301885823242e+00 -1.762468887008639795e+00
6.430464362831926017e+00 2.295792093505922171e+00 2.800978529816222640e+00
1.254944902152767827e-01 2.249516005885246195e-01 5.578732931304094533e-01
-8.813801737780795065e-02 2.837409148613885823e-01 -3.106285091836847312e-01
