5.953563131438269207e-02
5.087980195190494603e-02
4.503852309045865837e-02
3.722612190158389178e-02
3.080705950256849499e-02
2.370473551985527103e-02
1.900488119954122854e-02
1.516267236174949871e-02
1.070789134072286722e-02
9.724192038950736292e-03
9.207923541382223576e-03
9.394253647913925614e-03
7.768118854221585899e-03
7.241322121496775004e-03
7.757551160314714311e-03
6.574603175576155221e-03
6.554249231962835931e-03
6.330143803542066100e-03
6.528180220615063291e-03
6.570487628642175497e-03
6.233657383919594119e-03
6.877889395488953096e-03
6.767660228289164477e-03
7.487878111081012339e-03
7.878733413147953960e-03
