7.603750921294095966e-02
6.842000627492630938e-02
5.799169738951515107e-02
4.495391948086109590e-02
3.447046643243464881e-02
2.631978364524371547e-02
2.347319433840463002e-02
1.947333222655180801e-02
1.254398077668544657e-02
1.103237523782511255e-02
9.434226231375015051e-03
9.640997198107856617e-03
7.493550812788892478e-03
6.115223338978494939e-03
6.072167699887684976e-03
5.374624110155178103e-03
4.792164796560575112e-03
4.789397845700649192e-03
4.252211724003321369e-03
4.512312148002919909e-03
4.305047301456186616e-03
4.394771488768228589e-03
4.329496049335602829e-03
5.049206830718086861e-03
5.491049979180455051e-03
