6.103690261840714060e-01
2.394382088627106775e+00
2.045176668664614450e+00
-3.556547132472501760e-01
-4.841112705117122061e+01
-4.887540629194169761e-01
-1.012372719665962251e+02
-8.861843744216226781e+00
-9.912306653795050693e+01
-5.409760445956276698e+00
-4.752580681149441943e+01
-1.047264860002117537e+01
-9.222273651494591107e+00
-6.670129121004319650e+00
-6.310928191492833683e+00
6.077292746191465866e+00
1.074506409569244170e+01
1.051549450687018350e+01
2.341801558573616759e+01
1.154650003724201923e+01
1.567045746343440094e+01
-3.496918154326889017e+00
3.407417955644226559e+00
-5.749240399805891855e+00
-4.981464451111217606e+00
-9.795776030268001477e+00
-1.084345534749096629e+01
-1.676880619751943913e+00
-9.874479272860209988e+00
1.229825350565667108e+01
-2.541545878479648746e+00
6.430464362831926017e+00
1.254944902152767827e-01
-8.813801737780795065e-02
