5.923092992790855715e-02
5.150720283947739231e-02
4.498609011206101266e-02
3.686463942585478659e-02
3.062376388490478663e-02
2.374536808568318558e-02
1.916400086280786730e-02
1.530940386846674738e-02
1.064763764794774553e-02
9.680848888191401214e-03
9.191199161411988533e-03
9.447229639321538114e-03
7.733139886645310976e-03
7.202111493491234612e-03
7.783503627021379906e-03
6.542048504079065775e-03
6.539794267997091348e-03
6.318804410513472955e-03
6.541846947884738181e-03
6.596709980844276539e-03
6.250676711812590790e-03
6.919657485568957503e-03
6.790147562083345863e-03
7.493434551274697972e-03
7.821970895301554386e-03
