7.599500395487135407e-02
6.826443664926225285e-02
5.767041551919649400e-02
4.481060192272689341e-02
3.469571824382138708e-02
2.673293713409916755e-02
2.382506577871579267e-02
1.961720136103737785e-02
1.261775569701361135e-02
1.098205739162914571e-02
9.331898798803774792e-03
9.435807968266863438e-03
7.363261253495887761e-03
6.043301269132039626e-03
5.980061254767687039e-03
5.317288611754161093e-03
4.767470492921100853e-03
4.760151633477687633e-03
4.261571460761036552e-03
4.509722572386355190e-03
4.327586412432809712e-03
4.427503623616515366e-03
4.383020513151743812e-03
5.085352394659081038e-03
5.520242493004489520e-03
