6.808910693520737849e-03
4.145053879421634578e-03
-7.189137711687976662e+00
-2.003299242097769106e-01
-1.696283943154204499e+00
-1.139997425617883531e+00
-6.630645530775001184e-01
1.543320355516986098e+00
1.198381810002290937e+00
-3.007484934679863553e+00
1.518842162749509950e-01
5.305789439204482427e-01
-3.850247604790161260e-01
1.132102799161028184e+00
3.015514853847800048e+00
9.477044882619889421e-01
-4.928520392100759206e-01
-6.885932764241530224e-01
-1.454901104696235237e+00
-9.140275996902082201e-02
-5.897910243209537606e-01
1.480656493878671709e+00
-5.393235131493814283e-01
-2.482194403109828418e+00
-9.035137207413362903e-01
4.004047833895904240e+00
3.934660659073693778e-01
-6.323267363397402363e-01
7.501203759124324133e-01
-1.507876428548913905e+00
8.451085749996532781e-02
5.653787476834459119e-02
