-3.368490432463111972e+00
-4.222444420287210676e+00
-5.022907285045749681e+00
-5.792836485120836265e+00
-6.490931554553514005e+00
-7.150436104657404535e+00
-7.719348061351129608e+00
-8.219780094310909391e+00
-8.711047567098988864e+00
-9.011120059015922834e+00
-9.226582864419693664e+00
-9.347272629338720051e+00
-9.520782039416040732e+00
-9.594698156860536287e+00
-9.571588393594602451e+00
-9.646675674122343835e+00
-9.641890345372962301e+00
-9.668363726953931092e+00
-9.697833089053130351e+00
-9.794011557259004519e+00
-9.995320028878969865e+00
-1.022664600702337623e+01
-1.063907068623645813e+01
-1.115178095151523685e+01
-1.187256639296565552e+01
-2.706898212733502618e+00
-2.933920702236241684e+00
-3.781623360216013197e+00
-4.595465944873081021e+00
-5.335804136919218621e+00
-6.037265540665440078e+00
-6.648959925471904953e+00
-7.193839650934366503e+00
-7.731787615923541246e+00
-8.081068787504978701e+00
-8.348291699647665709e+00
-8.523044087956956005e+00
-8.752397577330571110e+00
-8.883146019009435790e+00
-8.916791463805001428e+00
-9.047219325003865720e+00
-9.094750288228176771e+00
-9.168633861682684127e+00
-9.238453354052325039e+00
-9.365495779321166836e+00
-9.585483773115083039e+00
-9.820334426853753129e+00
-1.021788637349370710e+01
-1.069381178602119320e+01
-1.135211060965091967e+01
-2.795024718240372241e+00
-2.368982662635258585e+00
-2.613320176957036445e+00
-3.474850275833888613e+00
-4.258387971326719423e+00
-5.000370571835538236e+00
-5.651422090150000521e+00
-6.235713670949150078e+00
-6.814051537552654914e+00
-7.205328519717116187e+00
-7.516485556409398860e+00
-7.737147331161954078e+00
-8.014126958555088720e+00
-8.193664320833384807e+00
-8.276412041113179185e+00
-8.455110646312864020e+00
-8.548640477036817842e+00
-8.664515237834569561e+00
-8.770286975086881043e+00
-8.924915981835082945e+00
-9.161502714150049798e+00
-9.399046625364752217e+00
-9.782173251930709412e+00
-1.022304621211836917e+01
-1.082186143645814447e+01
-2.859872443392966535e+00
-2.460364591818367863e+00
-2.139750447883068674e+00
-2.420858102038645043e+00
-3.248551682217329706e+00
-4.029619822488379910e+00
-4.716603182084162071e+00
-5.335270782803121392e+00
-5.947707957825302039e+00
-6.373767878412859744e+00
-6.721033056100480962e+00
-6.979450980043010233e+00
-7.295838804241728148e+00
-7.516121683629672034e+00
-7.640318746931176186e+00
-7.860218259488757298e+00
-7.993429533155917532e+00
-8.145876476558733259e+00
-8.283202572980785661e+00
-8.462140785200213955e+00
-8.713245471882078874e+00
-8.952651221878213050e+00
-9.321799940203522539e+00
-9.729352846863271509e+00
-1.027168470728288874e+01
-2.937862291892614497e+00
-2.558929350761654842e+00
-2.252866197254919545e+00
-2.064576326963480035e+00
-2.342716167991353515e+00
-3.161434192736523041e+00
-3.880924101008462301e+00
-4.528931887207494178e+00
-5.169177778428684533e+00
-5.622807763964178029e+00
-5.998355096923063456e+00
-6.286375931279773788e+00
-6.633954010201821738e+00
-6.886939002654425046e+00
-7.044932476065111970e+00
-7.298963058907364854e+00
-7.465538350514425048e+00
-7.649138471319314903e+00
-7.813621040729248790e+00
-8.013591081966007224e+00
-8.277132938474670354e+00
-8.517569108275180767e+00
-8.873187330046315324e+00
-9.249152582082366791e+00
-9.738001312831919165e+00
-3.028374953877686515e+00
-2.664057634088033311e+00
-2.367984313900646676e+00
-2.183287144082369569e+00
-2.083156133835155632e+00
-2.395194371030225255e+00
-3.143765539033771539e+00
-3.816077676555868603e+00
-4.477841692485080571e+00
-4.951828870092520596e+00
-5.347832371954407193e+00
-5.657302876648616419e+00
-6.027853267134068993e+00
-6.305496967953843068e+00
-6.489633918213851160e+00
-6.770725734095416115e+00
-6.964347618561545161e+00
-7.173681911534400157e+00
-7.360923067737655145e+00
-7.578647561529348486e+00
-7.852545803309289418e+00
-8.093180973907099229e+00
-8.435716110754279740e+00
-8.781826106967445256e+00
-9.220191941958201909e+00
-3.199798185011985652e+00
-2.844137198069880856e+00
-2.553492558246539978e+00
-2.369149628890512282e+00
-2.262953944837112541e+00
-2.276113205550005514e+00
-2.573515249054326048e+00
-3.265095905676306476e+00
-3.942087453987376033e+00
-4.429218950192934656e+00
-4.837852633887002263e+00
-5.160619567593645485e+00
-5.545924324983020348e+00
-5.840183328169004540e+00
-6.042810821042984948e+00
-6.343894031999974814e+00
-6.558245083672206377e+00
-6.787894543072296116e+00
-6.993496399394906859e+00
-7.225697968826670703e+00
-7.507871810934635626e+00
-7.747874563066760700e+00
-8.077774026584220834e+00
-8.395761166047956081e+00
-8.786644339875737231e+00
-3.349979772714525961e+00
-2.997015830593013686e+00
-2.707238718866950222e+00
-2.520011573292591844e+00
-2.405743217491098651e+00
-2.404690158269442435e+00
-2.467166820769967295e+00
-2.773834361761344791e+00
-3.459762855732385844e+00
-3.952825799668243878e+00
-4.366263680041945427e+00
-4.694173802611025792e+00
-5.086014982554279307e+00
-5.388845881865581333e+00
-5.602310982788818450e+00
-5.916315750735173573e+00
-6.145078544130948117e+00
-6.389624164639777781e+00
-6.609188834986134076e+00
-6.852590103756641682e+00
-7.140958761761604379e+00
-7.379497676421269858e+00
-7.697208878028039436e+00
-7.988805559012223334e+00
-8.335206304693736357e+00
-3.402648284494372621e+00
-3.046422100070954375e+00
-2.752951365288379471e+00
-2.559601548452203890e+00
-2.435252527572261183e+00
-2.419100585921905910e+00
-2.460868649273607378e+00
-2.580166708339326043e+00
-2.954596464117716703e+00
-3.446377991221325487e+00
-3.856794086376152730e+00
-4.181694160187920950e+00
-4.571853820255890710e+00
-4.875213210627632243e+00
-5.091862985534532982e+00
-5.411719472434670664e+00
-5.648576581933405727e+00
-5.902599358096273008e+00
-6.131728956334264069e+00
-6.383052548226550549e+00
-6.675535237861165427e+00
-6.911778896201692390e+00
-7.217749247368133503e+00
-7.484687867984178844e+00
-7.789606418067125837e+00
-3.607544581994852617e+00
-3.242096866229043250e+00
-2.940371356137099212e+00
-2.737660412114060193e+00
-2.601222732546883520e+00
-2.569085348636097610e+00
-2.590253862182406497e+00
-2.684072869675260264e+00
-2.903313906805459865e+00
-3.159616369108918743e+00
-3.559184694442745212e+00
-3.872921478360039860e+00
-4.253181673105109972e+00
-4.549026147048139457e+00
-4.761207659927760183e+00
-5.079846026173787443e+00
-5.318480024845465337e+00
-5.576560950036801856e+00
-5.810857588899914106e+00
-6.066826126580734169e+00
-6.361342062599878666e+00
-6.594459045192251345e+00
-6.889135957565557966e+00
-7.133148917273278933e+00
-7.399585507197104839e+00
-3.816286116689466379e+00
-3.435657581679989026e+00
-3.121116144924966029e+00
-2.905805618580301175e+00
-2.755271287315515405e+00
-2.706261901692252003e+00
-2.706939916254680778e+00
-2.776241914123798615e+00
-2.966966552444156413e+00
-3.087226087308400313e+00
-3.325052964285915458e+00
-3.619473221168936661e+00
-3.981616007659976475e+00
-4.261902159574979976e+00
-4.461962475752410562e+00
-4.772312882592401273e+00
-5.006406344071060666e+00
-5.263126412167101975e+00
-5.498192204974616359e+00
-5.755528311784184226e+00
-6.049996709579842147e+00
-6.279155597391182120e+00
-6.562986482521919740e+00
-6.785806179924763093e+00
-7.016761043278203935e+00
-4.118818172937761091e+00
-3.717049529968061705e+00
-3.385131014221032686e+00
-3.153982449695050594e+00
-2.987343473022962659e+00
-2.920575525622057800e+00
-2.900872091861455004e+00
-2.946619123895269254e+00
-3.110482987365045027e+00
-3.200861987040798606e+00
-3.311847865864774754e+00
-3.511294663956240569e+00
-3.847102098129868253e+00
-4.103786521257137387e+00
-4.284072705042188289e+00
-4.579065312783381358e+00
-4.802300809813989879e+00
-5.052241013905683253e+00
-5.283678073353978988e+00
-5.539104372158889511e+00
-5.831444446756163913e+00
-6.055813820491401600e+00
-6.329246089836324529e+00
-6.532604923722060697e+00
-6.731078294676874130e+00
-4.318331799070372234e+00
-3.889463761337662806e+00
-3.535607016255028157e+00
-3.285381959585402356e+00
-3.100630345648980768e+00
-3.015217278284557878e+00
-2.975241448701114066e+00
-2.998395560572118423e+00
-3.137054275933059522e+00
-3.199725740876619984e+00
-3.281013085757353842e+00
-3.356250059359701776e+00
-3.652831012221445572e+00
-3.877870302256372081e+00
-4.030729420470182234e+00
-4.303294391772038097e+00
-4.509354499015208795e+00
-4.747095833518175212e+00
-4.970506273110570028e+00
-5.220745387304724261e+00
-5.508876354147133725e+00
-5.727624794806721376e+00
-5.991105859818645740e+00
-6.176736228405781404e+00
-6.345728339684665542e+00
-4.555526306440665252e+00
-4.093599586071633212e+00
-3.713243459910470001e+00
-3.440703456084860612e+00
-3.235831211956741615e+00
-3.130886465343860614e+00
-3.070747291462434525e+00
-3.072270528230782283e+00
-3.187379722340647259e+00
-3.224516654940345450e+00
-3.278602842200068146e+00
-3.325675170461343644e+00
-3.497390582446089802e+00
-3.724852801178679673e+00
-3.842631917865010127e+00
-4.085699413608287145e+00
-4.268266704486404883e+00
-4.488390162972555331e+00
-4.699376095633454931e+00
-4.941150648175407056e+00
-5.222991722362658962e+00
-5.435287810741995074e+00
-5.689265082954037211e+00
-5.858899385040924557e+00
-6.001410470700525579e+00
-4.892481928221094734e+00
-4.391537236657356402e+00
-3.980120576883988015e+00
-3.682027170001143546e+00
-3.455026302025444807e+00
-3.329663316122216443e+00
-3.249469848635262004e+00
-3.230324254489917557e+00
-3.323539553398143109e+00
-3.337314955543364103e+00
-3.366697362255428150e+00
-3.388217001472139778e+00
-3.534392114614729241e+00
-3.635967292425202668e+00
-3.781860422781540887e+00
-3.988360602322374771e+00
-4.141117649544720614e+00
-4.338204225046559337e+00
-4.532367763284492312e+00
-4.762400376855699058e+00
-5.035870773330271888e+00
-5.240883090136117417e+00
-5.485803981035024535e+00
-5.641174615451959973e+00
-5.760204909744618185e+00
-5.195571153306349110e+00
-4.649649203454618629e+00
-4.202610859139650046e+00
-3.875725594838827170e+00
-3.624588110873360414e+00
-3.477920327146224455e+00
-3.377781618265433661e+00
-3.338929238869309923e+00
-3.411906269980973239e+00
-3.404493144697276819e+00
-3.411669148921942618e+00
-3.410248057108147268e+00
-3.533382819206759784e+00
-3.612803897121715568e+00
-3.633805236561189478e+00
-3.877650465699905791e+00
-3.994279842081786658e+00
-4.162910528557672407e+00
-4.335853785698366991e+00
-4.550867083511273670e+00
-4.813886017532660766e+00
-5.010783143672463247e+00
-5.247095064818898535e+00
-5.389934430224941231e+00
-5.488484166795553953e+00
-5.517188214270765556e+00
-4.920329718590075174e+00
-4.433108538299384449e+00
-4.074192961579455208e+00
-3.796910868980741594e+00
-3.628051728360395689e+00
-3.508076829730291557e+00
-3.450479710185269333e+00
-3.504874100404784532e+00
-3.478445450364330060e+00
-3.465912430074292505e+00
-3.444162565531740494e+00
-3.546756925774268598e+00
-3.606168459333939147e+00
-3.608767966959824047e+00
-3.732499263486092733e+00
-3.880147508157112846e+00
-4.014903298423364575e+00
-4.162228387471011537e+00
-4.358944992604259383e+00
-4.609431679356530864e+00
-4.797382195692659224e+00
-5.025532558659008942e+00
-5.157573053849701772e+00
-5.238642466708258283e+00
-5.902465671876629294e+00
-5.248711342205082175e+00
-4.716746173922577334e+00
-4.322561829101596587e+00
-4.017127134576790048e+00
-3.825190077421289470e+00
-3.685488040124481834e+00
-3.610108224970201896e+00
-3.647575600649433536e+00
-3.604304428007018224e+00
-3.574559760769931760e+00
-3.535093081616047073e+00
-3.619646989338748178e+00
-3.661193535289997136e+00
-3.646920196215934773e+00
-3.755905036956816101e+00
-3.793168619281217069e+00
-3.939315088415277000e+00
-4.056624121959155005e+00
-4.231766657359680828e+00
-4.467640311930573205e+00
-4.645812799258099091e+00
-4.866249015569849234e+00
-4.989223039335759502e+00
-5.055812362588882891e+00
-6.252896042663465437e+00
-5.536286592231238757e+00
-4.955016285332050963e+00
-4.522324718140342092e+00
-4.186729429736712582e+00
-3.970827897672747575e+00
-3.811507774021397399e+00
-3.719307309007480633e+00
-3.741503297671005424e+00
-3.683562605667161982e+00
-3.639103669972129751e+00
-3.584532135043920320e+00
-3.653545540134605307e+00
-3.679371655759044568e+00
-3.649754456522319224e+00
-3.744629283856375057e+00
-3.770174755688237678e+00
-3.821306315709768864e+00
-3.920533519851678861e+00
-4.070824609421650031e+00
-4.290004447569167212e+00
-4.457567487102198633e+00
-4.670736968554684232e+00
-4.786376919832079579e+00
-4.841486387554001958e+00
-6.694090399272070613e+00
-5.908666539473198753e+00
-5.273529941542256516e+00
-4.799092695876966630e+00
-4.431328819768159732e+00
-4.190576252786325284e+00
-4.011747093552469501e+00
-3.903688022935501767e+00
-3.912268250662491731e+00
-3.841831041172968586e+00
-3.785155214318343564e+00
-3.718090781562927827e+00
-3.774063633383591743e+00
-3.786313875785204175e+00
-3.742881803133141450e+00
-3.824283060885831809e+00
-3.837560555397855122e+00
-3.878778003972525479e+00
-3.904424912230410438e+00
-4.001729900931377593e+00
-4.202135138826286642e+00
-4.358257311701092540e+00
-4.564607469937407735e+00
-4.674645747569387666e+00
-4.721275593957084737e+00
-7.105565796218495933e+00
-6.245368240234896007e+00
-5.551804200585196192e+00
-5.032382822076840512e+00
-4.630442366124948528e+00
-4.363952205771483683e+00
-4.165723063194278986e+00
-4.042767432663292304e+00
-4.039387526930529937e+00
-3.958626803159584373e+00
-3.892231463624541199e+00
-3.815286091936208823e+00
-3.860718340528371595e+00
-3.861537267252282746e+00
-3.805819308235198761e+00
-3.874383440564229453e+00
-3.874843092100281883e+00
-3.904099691651210069e+00
-3.919747646823672493e+00
-3.971444248554113265e+00
-4.083549456192542948e+00
-4.227399345507399708e+00
-4.427377592889389923e+00
-4.533546596056086564e+00
-4.574697055393752265e+00
-7.560901730097323359e+00
-6.619971189970124570e+00
-5.863418556790798597e+00
-5.295774589969161283e+00
-4.857649560932864041e+00
-4.564535247791897454e+00
-4.347015173262406051e+00
-4.210125027706538958e+00
-4.196440615218387293e+00
-4.107529379628130251e+00
-4.033911905212597127e+00
-3.949697552932458500e+00
-3.987089147969993697e+00
-3.978621316391922402e+00
-3.912146458054605702e+00
-3.968509909271396463e+00
-3.955601852614880620e+00
-3.970850867112551974e+00
-3.972628906140386107e+00
-4.011621202208281112e+00
-4.113558183918958555e+00
-4.138573072464106772e+00
-4.332626822909152686e+00
-4.436658951038000787e+00
-4.475330257747731189e+00
-8.016018513413389002e+00
-6.988395701770476087e+00
-6.164293323822671589e+00
-5.545188313816039383e+00
-5.068870719079193066e+00
-4.748245694335812672e+00
-4.511543739826690214e+00
-4.361681124701886958e+00
-4.339347832720421572e+00
-4.244459088315561957e+00
-4.166116857327824441e+00
-4.077245483247345703e+00
-4.109096374784263261e+00
-4.093486342590725080e+00
-4.017783572229768119e+00
-4.062582786850648553e+00
-4.035757156978584170e+00
-4.034951850708500487e+00
-4.018989011580387682e+00
-4.039237663372770015e+00
-4.122345626749810421e+00
-4.181998355300226677e+00
-4.236275477537332357e+00
-4.339903132123432705e+00
-4.379095521166990856e+00
-8.558028766196697390e+00
-7.437754393523432483e+00
-6.541541118192037096e+00
-5.867736609001535264e+00
-5.351218454955739112e+00
-5.002196158892333600e+00
-4.746421375646113994e+00
-4.584548335750256776e+00
-4.555221790901724077e+00
-4.456528540056498677e+00
-4.375958930183636575e+00
-4.285042492511343504e+00
-4.313852630111684405e+00
-4.293244954653707701e+00
-4.209843259417080930e+00
-4.243714682000075733e+00
-4.202421614117736404e+00
-4.183515251796954715e+00
-4.145940573230539883e+00
-4.141406243527209874e+00
-4.197116531176963150e+00
-4.227530142959155413e+00
-4.374087313475115479e+00
-4.330391749421519165e+00
-4.373105457423845266e+00
-9.084526713806642562e+00
-7.865641488450618724e+00
-6.892756165025494930e+00
-6.161013702541370485e+00
-5.602286997452593731e+00
-5.223980872152832688e+00
-4.949242313075680855e+00
-4.776320894807071227e+00
-4.741656725299047359e+00
-4.641331971959263392e+00
-4.561032362433563137e+00
-4.470682820856198170e+00
-4.498952155442220047e+00
-4.475491395262939598e+00
-4.385919763304300112e+00
-4.409499839218998574e+00
-4.353189469150661850e+00
-4.314135315948883331e+00
-4.251077837012319449e+00
-4.215721188997531677e+00
-4.235465144135280191e+00
-4.225163924730371612e+00
-4.326853290384802264e+00
-4.451662544021514734e+00
-4.354954313924012332e+00
