9.791450430544628158e-01 5.363747897743805643e-02 1.825486696468952275e+01
-1.903032810260907870e-01 1.907294579345230473e-02 -9.977655422867160340e+00
-1.284028758018095573e+00 2.351464315011414230e-01 -5.460549623573014877e+00
-5.030335757860341594e+00 2.519343934618477610e-01 -1.996684807000010409e+01
-5.035313390357752661e-02 7.434154411694585129e-02 -6.773216039791637444e-01
-1.556611424236595820e+00 3.426802178662979315e-01 -4.542460705578085900e+00
-1.213421712541421504e+00 3.672538050891568928e-01 -3.304041226330775238e+00
-5.392405902699178855e-01 6.695891790032522106e-01 -8.053305029102012513e-01
1.911142469770212182e+00 6.841347164499579359e-01 2.793517744118172441e+00
6.617889964321770346e-01 5.748809686542462050e-01 1.151175691171993476e+00
-1.713489886210917801e+00 5.906817633827127212e-01 -2.900868102644839297e+00
-1.049912070358241176e-02 1.625786406874890899e-01 -6.457872116032736809e-02
2.462754547250434467e-01 1.806771735643586119e-01 1.363069002390156381e+00
-3.517429499636272272e+00 3.773262949198069593e-01 -9.321983511336867423e+00
1.095045086026947612e+00 2.477355167542799053e-01 4.420218386018037293e+00
1.541459618735136150e+00 7.902271705321384232e-01 1.950653781870241632e+00
-3.180533531635621802e+00 8.201726584213278048e-01 -3.877882905481789155e+00
-3.079872613782199120e-01 1.062496201999984624e+00 -2.898713998209890841e-01
1.798329413289686762e+00 1.052438444368653192e+00 1.708726456081225420e+00
-1.818839561699877039e-01 5.962812022900086939e-01 -3.050305048548657694e-01
-7.570126417819642572e-01 6.191199181065444312e-01 -1.222723772313992763e+00
-1.372803954153924422e-01 1.287154138228039091e-01 -1.066542004086468820e+00
3.610917689851694812e-01 1.566144406173267389e-01 2.305609671508291214e+00
-1.891021612941444108e+00 1.824146571020579255e-01 -1.036661002456315472e+01
9.762165226059408285e-01 2.012991778865382830e-01 4.849580275763384130e+00
1.121851367757217832e-01 4.051295844740161467e-01 2.769117365777492568e-01
-1.748239808064727674e-01 4.034473717666769432e-01 -4.333253679183156626e-01
-2.349279935472275982e-02 3.940953829585714940e-01 -5.961196291709003336e-02
6.047850036818913644e-01 4.117583034889745752e-01 1.468786418045083586e+00
4.343842989433097102e-02 1.773361434679693038e-01 2.449496704104027200e-01
-3.110025348160506686e-01 1.921414508351213246e-01 -1.618612399689462800e+00
1.905505560524253100e-02 3.508989455748525582e-02 5.430354193292317166e-01
1.348104314993698151e-03 3.945263331238602067e-02 3.417019858520990716e-02
