5.923693412248888512e-02
5.158942502427688037e-02
4.492676827740998968e-02
3.676996936677314615e-02
3.063769374915208468e-02
2.382761478478692685e-02
1.928363443932288798e-02
1.539017638475585585e-02
1.055494827884611089e-02
9.612346267320855467e-03
9.155755891990741482e-03
9.474721690701261995e-03
7.699719215626580661e-03
7.174586862064558784e-03
7.816468645257285131e-03
6.535217446213939345e-03
6.551244424898782295e-03
6.330288242496972043e-03
6.563427284778302652e-03
6.611983591496384954e-03
6.240539533349126824e-03
6.911355312537967831e-03
6.765823348877425883e-03
7.482024548172157286e-03
7.842038637484090649e-03
