7.595995818753339957e-02
6.872497671020702525e-02
5.800549703024458770e-02
4.469144390077046253e-02
3.430647510000989220e-02
2.636174385633741762e-02
2.349684906448109428e-02
1.942583058608236823e-02
1.275804883192092204e-02
1.114254405078035984e-02
9.500918270188665402e-03
9.484025462578263982e-03
7.462431515564454249e-03
6.152701736069756365e-03
6.016326574680430639e-03
5.346434293471518523e-03
4.795271811152802301e-03
4.752037468395122789e-03
4.271924708551906244e-03
4.481864282955091983e-03
4.308015649778924351e-03
4.401416964249110254e-03
4.372491868569543597e-03
5.053005040100208047e-03
5.511022829405467019e-03
