9.779008035948082433e-01
-1.897238768667930953e-01
-1.287501161068755673e+00
-5.033068219834375689e+00
-4.345794191930353600e-02
-1.599426405987742550e+00
-1.170164445166394396e+00
-6.290869601453641380e-01
2.001007674662295344e+00
5.878595112890406815e-01
-1.639034639236321533e+00
-3.071649688751068932e-02
2.664684989882555310e-01
-3.484324609478878010e+00
1.068362804902529994e+00
1.646809071956513160e+00
-3.286214416067099631e+00
-1.746133591827894460e-01
1.663336228946175943e+00
-1.165524795921254603e-01
-8.223461792567590134e-01
-1.269514357216956491e-01
3.511616028452363425e-01
-1.908478194325071042e+00
9.972350460420197349e-01
6.046242353241672307e-02
-1.233955529467720413e-01
-6.522690562224502109e-02
6.454400878865271807e-01
3.195426087653732011e-02
-2.997597728895167180e-01
1.850571112307978355e-02
2.090136340122100440e-03
