7.584818528106931912e-02
6.870672821673873276e-02
5.805995755929320434e-02
4.487244398145943947e-02
3.445425461019246266e-02
2.637382479697789744e-02
2.344431937150645573e-02
1.935813561231964491e-02
1.255981386978461539e-02
1.102708885097057959e-02
9.452024788206038475e-03
9.596722735091349141e-03
7.531061049815178376e-03
6.195130103090244755e-03
6.111192867475086221e-03
5.413680231499796471e-03
4.829386642514508360e-03
4.779843299439098282e-03
4.241033869861584628e-03
4.444364149447110196e-03
4.233276702002122457e-03
4.316815079860744642e-03
4.291309963750612397e-03
5.054846469647927311e-03
5.631187291238022585e-03
