7.586265910553297021e-02
6.870489112155789280e-02
5.805210948077871302e-02
4.486635992255456895e-02
3.445067062902364141e-02
2.637218742922356474e-02
2.344225287338497221e-02
1.935723830850541449e-02
1.256050422052149181e-02
1.102849375812328322e-02
9.453991171576268948e-03
9.600068740136387738e-03
7.533489111781138149e-03
6.196530067201704711e-03
6.112551765053879545e-03
5.413828778110436196e-03
4.828284702185861067e-03
4.778482463857897100e-03
4.238783563709007732e-03
4.443132361790081211e-03
4.232766285134505202e-03
4.318049962941696018e-03
4.293544204613258461e-03
5.057920721553593388e-03
5.627884971879732606e-03
