7.583940422568098694e-02
6.871805578826935268e-02
5.807272802308256765e-02
4.487234314089828813e-02
3.444452546962483569e-02
2.636031179561554305e-02
2.344130515160862405e-02
1.936124929636714315e-02
1.255634276912291278e-02
1.102945085669871164e-02
9.455303011529518631e-03
9.604378377493855840e-03
7.534379267284090596e-03
6.195870145146192831e-03
6.112549501750689715e-03
5.413439236807476330e-03
4.827864214750848468e-03
4.778542735831357857e-03
4.238670368446599557e-03
4.443041996196431774e-03
4.232062607006201356e-03
4.316652999780533351e-03
4.291810238118114705e-03
5.056890496409756700e-03
5.630992711314753221e-03
