5.941367760361339345e-02
5.131513010484314852e-02
4.484819288787696145e-02
3.690127586808828603e-02
3.076115914530164197e-02
2.387883000725611257e-02
1.922761259173350057e-02
1.530605879149564766e-02
1.061707211463464029e-02
9.629124773817226632e-03
9.141417047108777588e-03
9.399319162697374400e-03
7.704914967935982441e-03
7.187952569204654821e-03
7.785969802508585849e-03
6.558768180285855232e-03
6.558902032576114684e-03
6.342069610676372843e-03
6.553440581964508488e-03
6.595389449774461711e-03
6.241811380837921849e-03
6.893747353858735265e-03
6.761227140989593994e-03
7.473369285734789667e-03
7.831688266534840917e-03
