7.586746504003753777e-02
6.869693383856617652e-02
5.804160315069239323e-02
4.486451975226020406e-02
3.445737844548017736e-02
2.638366749090635330e-02
2.344831566216786303e-02
1.935923190714222003e-02
1.256500823063069067e-02
1.102788623603516253e-02
9.451401677742736832e-03
9.593670080642293513e-03
7.529213159712973627e-03
6.193732369791644758e-03
6.109665347917464170e-03
5.412536889158089948e-03
4.828552323323288126e-03
4.779423917955487322e-03
4.240879801761166489e-03
4.444974453187568175e-03
4.234381946078355149e-03
4.318578003472962369e-03
4.293025865925601849e-03
5.056170746422064370e-03
5.628317429260680689e-03
