7.071686302517478373e-02
-1.043555820304117709e+01
9.489086693320674115e-01
-1.298766774802665935e+01
4.302259082508364862e+00
-1.164542665166574764e+01
4.859039751931500284e+00
-1.157572873082890252e+00
4.407877050790307116e+00
-1.866315180958161735e+00
5.410378688633263877e+00
1.010562060391918981e+00
1.473797978508060602e+00
-5.095713524673506356e-01
-5.534283081054913733e-01
2.351142028215300073e+01
-1.482009618910199755e+01
-1.531998040322724997e+01
9.225446550587596661e+00
5.709487504050687612e+00
-3.633520226173911016e+00
-9.548941809654728496e-01
8.178390080789315064e-01
1.155001993599182875e+01
-1.031328484485041663e+01
-5.148009174036693558e+00
4.507519025318972972e+00
1.065246013323895680e+00
-9.636113844101431569e-01
8.689058945370531362e-02
-6.590596421485164780e-02
