1.333515720613061284e-01
4.060699483704409185e-08
-1.040873934577924231e+01
9.328134638894554076e-01
-1.287954567441135367e+01
4.266827113514698233e+00
-1.154353469681221611e+01
4.816948038127280007e+00
-1.036754685554133415e+00
4.372783853993555070e+00
-1.861105665036541401e+00
5.361735535945687303e+00
1.011891789666482744e+00
1.460683672591056803e+00
-5.039337897587962134e-01
-5.446536051747656870e-01
2.341192867817568413e+01
-1.471954574025299500e+01
-1.528043878407470579e+01
9.226086099260305318e+00
5.737872984587469638e+00
-3.644741287934978757e+00
-9.777633012849085148e-01
8.300152881821046824e-01
1.144921008278667074e+01
-1.025983941378054887e+01
-5.146860345205944043e+00
4.487452392282949454e+00
1.084579401050134617e+00
-9.822981324677966253e-01
8.531969171182600398e-02
-6.321854359491101139e-02
