3.465376096525181004e-10
3.797626027489121869e-02
-1.031886434486925275e+01
1.055460899718014378e+00
-1.341677561368009108e+01
4.515303794681492455e+00
-1.193702463448070894e+01
4.777149026194390302e+00
-1.098781997528775145e+00
4.415265501272896742e+00
-1.866648903462461595e+00
5.846666622375854772e+00
9.800500200151361918e-01
1.480580492215803678e+00
-5.142231610843875922e-01
-5.659376987381937729e-01
2.391693857072872831e+01
-1.517667189698715191e+01
-1.532955691284941935e+01
9.232447871098848680e+00
5.585054248423886314e+00
-3.540960486976679089e+00
-8.818211291706377075e-01
7.738132498882280830e-01
1.170990357120006387e+01
-1.041676367628880584e+01
-5.085733334771248337e+00
4.461339648629767396e+00
9.818769831196244580e-01
-9.108599542437146868e-01
9.893316110073303860e-02
-7.530130456270332784e-02
