5.940247748962607099e-02
5.132932477120361742e-02
4.485815401760362420e-02
3.689894685469891772e-02
3.075278077783596270e-02
2.387199868613277404e-02
1.922501191747596344e-02
1.530746623991259027e-02
1.062023075262966826e-02
9.632217875588211520e-03
9.143772122120454038e-03
9.400604073099470825e-03
7.705209496660928720e-03
7.187386687592750567e-03
7.784749257511306211e-03
6.557522052069295580e-03
6.557777391926880584e-03
6.341284228535797041e-03
6.553116335321031681e-03
6.595497174594527716e-03
6.242170871157770931e-03
6.894082157504169590e-03
6.761208478831651734e-03
7.473042607684264940e-03
7.832136731511611660e-03
