5.941441015690914623e-02
5.131614607470899592e-02
4.484750215294376618e-02
3.689990163261386291e-02
3.076008878695664361e-02
2.387863859551170309e-02
1.922821487446358529e-02
1.530691081518784254e-02
1.061760464949587993e-02
9.629455956782989948e-03
9.141467875304259971e-03
9.399116485453249542e-03
7.704502975845699611e-03
7.187490045696074900e-03
7.785521125173272897e-03
6.558460197256744256e-03
6.558741478702504596e-03
6.342062787398235028e-03
6.553591439549983320e-03
6.595638373154761452e-03
6.242119082873891743e-03
6.894065585362770844e-03
6.761463946645421448e-03
7.473451886229453417e-03
7.831460114147766050e-03
