5.940093814749967949e-02
5.132489757286501364e-02
4.486165860692552243e-02
3.690520702568769740e-02
3.075588084145999823e-02
2.387038367164731612e-02
1.922072762288097938e-02
1.530322534794653633e-02
1.061797470980882854e-02
9.631696906814039144e-03
9.144790110864053911e-03
9.402700075094723789e-03
7.707462942306698810e-03
7.189349757430607210e-03
7.786182117022324989e-03
6.557986543969993205e-03
6.557404062742123313e-03
6.340307608807771445e-03
6.551837410176549435e-03
6.594453617337409611e-03
6.241835927823096396e-03
6.894747378517889456e-03
6.762725727436072996e-03
7.474498522414118468e-03
7.830785497453690916e-03
