-3.309596414700560540e+00
-4.073035810772373644e+00
-5.165650314331760029e+00
-6.085769601156468589e+00
-6.834736318965332735e+00
-7.474594551414107002e+00
-7.976927745057631469e+00
-8.384372129041711474e+00
-8.774077225694311366e+00
-8.979467875993494275e+00
-9.117727670886411673e+00
-9.187813094066353159e+00
-9.341978806356765475e+00
-9.429974938864083001e+00
-9.452821307545896445e+00
-9.601416450439829831e+00
-9.690784905562809470e+00
-9.820066590691114428e+00
-9.948264749879902169e+00
-1.012068153789744152e+01
-1.035505012854943274e+01
-1.055384215441854856e+01
-1.084093962065173500e+01
-1.110443168467423902e+01
-1.142138549194727659e+01
-2.948193080608672911e+00
-2.848153314222982235e+00
-3.677065058224335381e+00
-4.638692601620448386e+00
-5.446447747849926913e+00
-6.160710521420269536e+00
-6.749424107828020603e+00
-7.249305341860066143e+00
-7.732204027504139709e+00
-8.027826355769860811e+00
-8.250686379541617654e+00
-8.397685497537739963e+00
-8.619546395744253076e+00
-8.765023305212494620e+00
-8.834710557912808682e+00
-9.019669650420441442e+00
-9.135684782050896402e+00
-9.283252793187461549e+00
-9.423334602196110410e+00
-9.603763319419373445e+00
-9.845382315718829602e+00
-1.005422957594823252e+01
-1.035801986850353451e+01
-1.065174991431809204e+01
-1.101453290343886238e+01
-2.764539871180689001e+00
-2.575163224838699527e+00
-2.542290102321306478e+00
-3.426454014175787322e+00
-4.258389126322558838e+00
-5.014760310800131293e+00
-5.659402575695666293e+00
-6.225065482149551244e+00
-6.778987334061970849e+00
-7.146451571129608382e+00
-7.438529382981463378e+00
-7.649616454566451118e+00
-7.928639688090197701e+00
-8.123125225659489246e+00
-8.232987606852274709e+00
-8.449167438058371005e+00
-8.587900145396444529e+00
-8.750715286904831913e+00
-8.900178799791888196e+00
-9.086312420110530752e+00
-9.332710114863438378e+00
-9.548724863779590066e+00
-9.865913885316732745e+00
-1.018326776348116525e+01
-1.058737222653623355e+01
-2.701505895712959848e+00
-2.428534881736132522e+00
-2.317917786204899855e+00
-2.369826999723142702e+00
-3.244875805033084593e+00
-4.011460440429542196e+00
-4.683933690298432317e+00
-5.290230342701070398e+00
-5.893398022126485891e+00
-6.314626193894219419e+00
-6.661212816586098207e+00
-6.924477401549381739e+00
-7.251092772764912375e+00
-7.487032185661632866e+00
-7.631256758126002460e+00
-7.874311143961690185e+00
-8.032589153826037887e+00
-8.208339344709804308e+00
-8.365409220130631596e+00
-8.555661414784173857e+00
-8.805086017067718984e+00
-9.025983210086261366e+00
-9.353406661953226120e+00
-9.690364767045696937e+00
-1.012692373590132888e+01
-2.759913857560341910e+00
-2.410977709369352517e+00
-2.227205130954589940e+00
-2.211695867931905202e+00
-2.301822658266898802e+00
-3.184138561285996261e+00
-3.855963668210522499e+00
-4.478276563590724457e+00
-5.109288392638487331e+00
-5.566083648024572561e+00
-5.952234796381090653e+00
-6.255712457854237130e+00
-6.620487389615351326e+00
-6.890565276676154483e+00
-7.063618759137907155e+00
-7.329497556054479723e+00
-7.504454940388016304e+00
-7.691146164127540708e+00
-7.854372344997202937e+00
-8.047494228269979288e+00
-8.298541976416490940e+00
-8.522392866957915203e+00
-8.857214314427306334e+00
-9.209665276633879571e+00
-9.674368919776641818e+00
-2.911346166801627167e+00
-2.494811865351115099e+00
-2.244357474977983546e+00
-2.165072103474595888e+00
-2.196845571188164925e+00
-2.352209363238509710e+00
-3.177075227561973580e+00
-3.790558959890300006e+00
-4.428213646093911215e+00
-4.902487558447497840e+00
-5.313093650612398022e+00
-5.644570416377298727e+00
-6.037910276756805139e+00
-6.334760013023061020e+00
-6.531122471741040769e+00
-6.815815217310678520e+00
-7.004633948293837342e+00
-7.200321575741980951e+00
-7.368302919324800193e+00
-7.563093936091699554e+00
-7.814409027852885714e+00
-8.039333203772491387e+00
-8.378763780423579277e+00
-8.742615731292879389e+00
-9.229247363289660555e+00
-3.193238052039304886e+00
-2.717878448844524009e+00
-2.408045625912652365e+00
-2.270747338683009264e+00
-2.247344661080920236e+00
-2.352704278173311181e+00
-2.515370598390344270e+00
-3.292173932835649630e+00
-3.914972292983202262e+00
-4.388699285235040826e+00
-4.808677912200673532e+00
-5.155892484402341047e+00
-5.568195418686070930e+00
-5.884563256309582435e+00
-6.098933423191532199e+00
-6.398711592124810110e+00
-6.598891691179264996e+00
-6.801974504498511820e+00
-6.973675764884490036e+00
-7.169323381329645528e+00
-7.419959963026899530e+00
-7.644508282441357494e+00
-7.986212083474137025e+00
-8.357842887804855181e+00
-8.861136973114737359e+00
-3.486027103402799199e+00
-2.960543543713960002e+00
-2.598704012353515669e+00
-2.409367136988847857e+00
-2.335271772831430503e+00
-2.392609927705760864e+00
-2.511955291832225434e+00
-2.695592056693512095e+00
-3.473700950051738179e+00
-3.929012034943822229e+00
-4.343493139307134321e+00
-4.694144306616327533e+00
-5.115516897970779908e+00
-5.443741815653645233e+00
-5.670403286825182576e+00
-5.981143306217910016e+00
-6.189796945378216897e+00
-6.398275598432269007e+00
-6.572242255628608198e+00
-6.767489678960095567e+00
-7.016033384770699932e+00
-7.238268137424443083e+00
-7.579403867610936985e+00
-7.954671781505584072e+00
-8.468771053779990510e+00
-3.697050462563246320e+00
-3.130038595739185858e+00
-2.723917320618918669e+00
-2.488923234059602585e+00
-2.369225005002793427e+00
-2.382190081502887580e+00
-2.459593548283783182e+00
-2.605663023699276604e+00
-2.861033763005784269e+00
-3.451580761956159371e+00
-3.845908287243546386e+00
-4.188012186803091730e+00
-4.608693419968012073e+00
-4.941017195316628197e+00
-5.173996385939729770e+00
-5.491240937349933127e+00
-5.705116302052426036e+00
-5.916611993878313491e+00
-6.090994460193227766e+00
-6.284169096846814462e+00
-6.528764112554738652e+00
-6.746278147460536445e+00
-7.083509666746157230e+00
-7.457758782619709592e+00
-7.976277570688321106e+00
-4.041112759805077559e+00
-3.440122450933741582e+00
-2.997074010819967160e+00
-2.722928643965223827e+00
-2.563318506103345662e+00
-2.536709214326729356e+00
-2.575925851735485050e+00
-2.686311661689695374e+00
-2.910199451009451543e+00
-3.049321874475302785e+00
-3.548873507831345364e+00
-3.870230158341481541e+00
-4.280651773239123159e+00
-4.609800557738769733e+00
-4.843838482685037583e+00
-5.164005523517182894e+00
-5.380835205097015184e+00
-5.594035986039499697e+00
-5.768125458276196049e+00
-5.958769480110932548e+00
-6.198849066156095766e+00
-6.410596459175798678e+00
-6.742014399804505231e+00
-7.112072631501831665e+00
-7.630169278088411389e+00
-4.365654543488955319e+00
-3.738300315595944667e+00
-3.265298979401028312e+00
-2.958055362358186446e+00
-2.763715103834688769e+00
-2.701844876034363185e+00
-2.706261218180210815e+00
-2.783276693415987157e+00
-2.976167427869172766e+00
-3.087912117564899805e+00
-3.208037503750679864e+00
-3.601624446921405820e+00
-3.992133798132475597e+00
-4.310591215193043446e+00
-4.539982015547427530e+00
-4.858912995059035289e+00
-5.075782258351138054e+00
-5.288682281691857945e+00
-5.461033150849491591e+00
-5.647906288389354046e+00
-5.882073458872362437e+00
-6.086131546678467785e+00
-6.408908768235415998e+00
-6.770651631744285304e+00
-7.282492541161073696e+00
-4.739171122973184325e+00
-4.093086084553756443e+00
-3.596830647222196919e+00
-3.262480941913354027e+00
-3.038565856400725629e+00
-2.945826366778878658e+00
-2.919085830726960484e+00
-2.965589106211409920e+00
-3.129465863222157029e+00
-3.214435706596806774e+00
-3.311163538377661641e+00
-3.394677541376134311e+00
-3.825423421926234635e+00
-4.125799864404704920e+00
-4.345069866917330437e+00
-4.658903359500411234e+00
-4.873256685114359499e+00
-5.084263516803244620e+00
-5.253888098740285173e+00
-5.436247211232154264e+00
-5.663638376496312077e+00
-5.858655294926406576e+00
-6.170574241952625272e+00
-6.520524255891277932e+00
-7.020953202071586574e+00
-4.970251392244958488e+00
-4.313020148422037181e+00
-3.800250867073421635e+00
-3.444771278908314027e+00
-3.196320550639041524e+00
-3.076922837405847488e+00
-3.022419723559383709e+00
-3.040975597544128384e+00
-3.177572010013764991e+00
-3.236627536733925226e+00
-3.309484832367059592e+00
-3.372050144298459173e+00
-3.555897860667197374e+00
-3.871179894819323231e+00
-4.074662100342222537e+00
-4.379105025241677218e+00
-4.587752534870826793e+00
-4.794498217214958835e+00
-4.959537262456393591e+00
-5.135691365712083289e+00
-5.354426472643522672e+00
-5.537962267229207036e+00
-5.835646226848482776e+00
-6.169110265725270992e+00
-6.651727630095407129e+00
-5.181084805536594118e+00
-4.520250361081449952e+00
-3.997492355368579275e+00
-3.626759910660420694e+00
-3.358789360445518124e+00
-3.216984813733314574e+00
-3.138275035953353775e+00
-3.131769019665644915e+00
-3.243311053421226386e+00
-3.278054476220715330e+00
-3.327973449915245574e+00
-3.369530834514375517e+00
-3.535029275711226493e+00
-3.656656367527085560e+00
-3.860391786752572774e+00
-4.151530686263201098e+00
-4.351764543649319528e+00
-4.552437818971067252e+00
-4.711645447409035903e+00
-4.880566830853649840e+00
-5.089476232504841491e+00
-5.259849656093339654e+00
-5.540726791086312275e+00
-5.853853830127003555e+00
-6.313124803684186048e+00
-5.423470958181422219e+00
-4.766963493598580293e+00
-4.240927234075350327e+00
-3.860757399670623258e+00
-3.578267890106020754e+00
-3.418251928336427437e+00
-3.318813753383026199e+00
-3.290080604590166935e+00
-3.378807998831371062e+00
-3.390940800351116113e+00
-3.419111171315612818e+00
-3.440323672448717840e+00
-3.587324798260483227e+00
-3.692783977910256255e+00
-3.742943032302357143e+00
-4.034719477191943682e+00
-4.223987258098595987e+00
-4.416986199610890118e+00
-4.569362745559308436e+00
-4.730299701316575955e+00
-4.928512973495625005e+00
-5.084364729917293602e+00
-5.346208333732581863e+00
-5.635515366963636197e+00
-6.066285792247747111e+00
-5.573370148705915739e+00
-4.928883475336151676e+00
-4.406211988072112007e+00
-4.022353943817937427e+00
-3.730263606853166269e+00
-3.556132883552833857e+00
-3.439315204265784409e+00
-3.391010983079764785e+00
-3.458928848602319306e+00
-3.449849841808074746e+00
-3.457109536677120509e+00
-3.458300277503925990e+00
-3.586634524928241863e+00
-3.675101128170598752e+00
-3.710261059521679616e+00
-3.870713150414635706e+00
-4.078784186151406921e+00
-4.261933798826624376e+00
-4.405874320228192254e+00
-4.557421596904395855e+00
-4.743372188682012158e+00
-4.882602288374868316e+00
-5.122396692170539723e+00
-5.383566042020770936e+00
-5.779827769211300925e+00
-5.678341381505402907e+00
-5.053984798155079616e+00
-4.541546649535242786e+00
-4.159834549430324380e+00
-3.863139448723613700e+00
-3.679047849562488093e+00
-3.548248583586728344e+00
-3.483089784470984274e+00
-3.532292751476795445e+00
-3.503531837624481060e+00
-3.490901181236086170e+00
-3.472632545648143054e+00
-3.582452974986057637e+00
-3.653710972729533157e+00
-3.673188529448520256e+00
-3.819703894156647905e+00
-3.898260074628093985e+00
-4.137492952926366208e+00
-4.271463995018566884e+00
-4.412423919966416364e+00
-4.584799814303706533e+00
-4.705595278048625651e+00
-4.920638800994391104e+00
-5.149687403360526439e+00
-5.505776433900552824e+00
-5.780749581752272270e+00
-5.185103720025391105e+00
-4.690123795068243950e+00
-4.316608229720197976e+00
-4.020433537286182357e+00
-3.830638503137769213e+00
-3.689329510628815534e+00
-3.610089616136769486e+00
-3.642731160172597349e+00
-3.595893244383915111e+00
-3.564497667708326656e+00
-3.527477191664648348e+00
-3.619126808652774141e+00
-3.673211598762852415e+00
-3.676775472840346115e+00
-3.808770239039724004e+00
-3.874329009821703362e+00
-3.964598058500653721e+00
-4.209064110952901672e+00
-4.338211166546463105e+00
-4.495862966323266541e+00
-4.596627486879429902e+00
-4.784463193965187600e+00
-4.977672434159821968e+00
-5.288200534691265275e+00
-5.798174748472722406e+00
-5.239309337920156295e+00
-4.768682153157581816e+00
-4.409215467966303592e+00
-4.118510891239579585e+00
-3.927109379434405856e+00
-3.778616003716111393e+00
-3.687917652805622559e+00
-3.705976884707500751e+00
-3.642451590666844652e+00
-3.593145594033408941e+00
-3.537750615318459690e+00
-3.611198387834333001e+00
-3.647747190312636612e+00
-3.634776196586102959e+00
-3.751420508491103867e+00
-3.802864124834881565e+00
-3.880314766293406326e+00
-3.936535888560084739e+00
-4.241296658605011594e+00
-4.382199987953821818e+00
-4.460686321804200105e+00
-4.618232342176362692e+00
-4.771245644747629910e+00
-5.030170553873920980e+00
-5.851918731144836627e+00
-5.338623032557184622e+00
-4.899862962801410760e+00
-4.560751460621833786e+00
-4.280797370146459002e+00
-4.092179731051741598e+00
-3.940072598579684282e+00
-3.840759845403420858e+00
-3.846444736841774681e+00
-3.767886503726360914e+00
-3.701850708780131782e+00
-3.628860385454064641e+00
-3.684545448722715388e+00
-3.703717517789968383e+00
-3.674151315174194021e+00
-3.775222738014266444e+00
-3.812211574096071143e+00
-3.876304613323403370e+00
-3.920294241436382610e+00
-3.984847136066055562e+00
-4.366537753407508937e+00
-4.420893235374799168e+00
-4.545759966606516933e+00
-4.654991354590358732e+00
-4.857071527435708802e+00
-5.845600485268626301e+00
-5.385971646259495316e+00
-4.986047234665187844e+00
-4.673215107368256405e+00
-4.408993543629939005e+00
-4.227272773787636773e+00
-4.074874609277585158e+00
-3.969555784093585782e+00
-3.964825125278019335e+00
-3.872600682432011165e+00
-3.790665000352678060e+00
-3.700429538270502583e+00
-3.738289572962678609e+00
-3.739689311444561515e+00
-3.692882835544851972e+00
-3.777565271450446183e+00
-3.799177777632191777e+00
-3.848924853046910677e+00
-3.879504578307356955e+00
-3.931521144932568212e+00
-4.019364220512620101e+00
-4.360758068279601218e+00
-4.449514077973256043e+00
-4.510572976963554304e+00
-4.649782362499295552e+00
-5.860392347088603238e+00
-5.462843820016968444e+00
-5.109027640831842021e+00
-4.828643071205799053e+00
-4.585321376098148605e+00
-4.414776154123448038e+00
-4.265548593841564262e+00
-4.156955477847078306e+00
-4.143891679151054497e+00
-4.039507410735081905e+00
-3.942671713366545205e+00
-3.835750371041099616e+00
-3.855967833644824871e+00
-3.839469178420478190e+00
-3.775061262659308081e+00
-3.842832002502329924e+00
-3.848454146034895107e+00
-3.883212494712074303e+00
-3.899748114842018776e+00
-3.938489293430962768e+00
-4.013692025618963655e+00
-4.025577818998542057e+00
-4.403226045166873881e+00
-4.411992477920430034e+00
-4.482736221020386047e+00
-5.875706362157136375e+00
-5.548466818452683746e+00
-5.247837946362154504e+00
-5.005889664990453625e+00
-4.788465665615341926e+00
-4.633200404851161025e+00
-4.490427656422113500e+00
-4.381114923377505299e+00
-4.361619460043140606e+00
-4.246390841381915138e+00
-4.135445308372352358e+00
-4.012160079827950199e+00
-4.014646709332679642e+00
-3.979819521143116656e+00
-3.897119676767652585e+00
-3.947113401916374720e+00
-3.935784509063088077e+00
-3.954568474624739594e+00
-3.956108065249485772e+00
-3.980690260603561903e+00
-4.042316522336212969e+00
-4.040919347279642082e+00
-4.098716737430407875e+00
-4.316982807713994674e+00
-4.313280544530833538e+00
-5.994371152870806796e+00
-5.745872063012090081e+00
-5.505765508959028942e+00
-5.308459620572230975e+00
-5.122080923309571432e+00
-4.986308339904431897e+00
-4.853347845066866562e+00
-4.745909980019105134e+00
-4.721906029746055999e+00
-4.597171946434720269e+00
-4.472952235606523885e+00
-4.333710299901304630e+00
-4.318511587044335798e+00
-4.265101464832306455e+00
-4.163620256210067261e+00
-4.195182505739129653e+00
-4.166155219051600689e+00
-4.168194756094022679e+00
-4.154011528771754058e+00
-4.163811653815857383e+00
-4.211379543482361321e+00
-4.196290697072900144e+00
-4.240309561171272001e+00
-4.232614449010353219e+00
-4.230130271052408020e+00
-6.158422673671695158e+00
-5.997186631445393878e+00
-5.824675139277623259e+00
-5.677725512209994108e+00
-5.526906266269183021e+00
-5.414094154522705260e+00
-5.293477838233848765e+00
-5.189632957416540293e+00
-5.162131661447142861e+00
-5.028286516194273581e+00
-4.890646598962680613e+00
-4.734827454672521085e+00
-4.700906602290711334e+00
-4.627517908542412961e+00
-4.505570386637480773e+00
-4.516811568168082047e+00
-4.468078641035617693e+00
-4.451328238956180350e+00
-4.419407992951471797e+00
-4.412503459072091516e+00
-4.444236323159398871e+00
-4.413870096625180928e+00
-4.442714217850134872e+00
-4.419315623783520053e+00
-4.418734220013560865e+00
