6.976152874013181971e-12
4.860886560446557183e-12
9.327008201335657001e-02
4.853255160316963226e-12
-1.034427408180349950e+01
1.045829448525824379e+00
-1.336217056318539420e+01
4.499758589128220798e+00
-1.185814120737017952e+01
4.747147678009620009e+00
-9.989147439375023474e-01
4.400048333831507286e+00
-1.858575856072038235e+00
5.819322522650336005e+00
9.789169848370343763e-01
1.460857375968788840e+00
-5.122870338375667965e-01
-5.541738250179512049e-01
2.384948276753830498e+01
-1.512324574409763400e+01
-1.531946405729978089e+01
9.234205487535858126e+00
5.642720844267589797e+00
-3.575059335799481985e+00
-9.194549303914921756e-01
7.900916895916170191e-01
1.162870947454174697e+01
-1.035853646038974496e+01
-5.091895806670848401e+00
4.453736068199287246e+00
1.029176985353497997e+00
-9.413743940677143929e-01
7.608086112831317915e-02
-5.319910860655509971e-02
