5.349943114441110259e-01 1.557379525075375769e-02 3.435221170114058964e+01
-2.550319130846501192e-01 2.164981742510595775e-01 -1.177986437838987710e+00
2.483973547282057048e-01 8.332652939602587516e-02 2.981011648134868963e+00
1.473073843644878422e-01 1.149784746221443055e-01 1.281173583564980900e+00
5.562693576968614773e-01 5.322021447460471844e-02 1.045221939047800142e+01
-2.141340568862174498e-01 4.107319311710266874e-02 -5.213474790618437105e+00
-7.193741987914557434e+00 6.786927435069245451e-01 -1.059940902085268988e+01
9.398307597249021261e-02 9.127798737480775915e-02 1.029635716950843216e+00
-3.777074329494635840e+00 7.217059753918949605e-01 -5.233536174400716945e+00
-7.519898974716796580e-01 4.350168813836602366e-01 -1.728645323096018371e+00
-3.955529432960978031e+00 1.077015886521893062e+00 -3.672675103925286511e+00
5.500085650039347129e+00 1.042002786949169257e+00 5.278379020600115545e+00
-4.090582266307810855e+00 1.028219544656698181e+00 -3.978316000279467524e+00
1.088972391937111484e+00 8.193985867535176215e-01 1.328989834180277940e+00
-1.589852394532338176e+00 3.098229063448948439e-01 -5.131487575558775660e+00
-2.515221903524735847e-01 4.208047954895529075e-01 -5.977170247308124518e-01
-1.253371071915682089e+00 2.655302829197440651e-01 -4.720256605513092119e+00
8.243193917430120532e-01 3.243677662871148892e-01 2.541311059291149643e+00
6.419548152983170830e+00 1.059958518947554662e+00 6.056414508897212556e+00
-6.633013296737919617e+00 1.074348443822587651e+00 -6.173986973106521781e+00
4.909945842157596552e+00 1.409762291242527832e+00 3.482818254295976246e+00
-3.973168057890834159e+00 1.415367423928571622e+00 -2.807163702314618980e+00
1.136803076160735504e+00 7.582373723495056117e-01 1.499270700200638462e+00
-1.197845349117238722e+00 8.352859483924008899e-01 -1.434054231874273722e+00
-1.422296181076129484e-01 1.615395510438359106e-01 -8.804631261418885968e-01
5.125414733460454952e-01 2.855730884154967786e-01 1.794782121067092007e+00
-2.404474847559852968e+00 1.906496198084514371e-01 -1.261200966451265515e+01
8.716473400149613582e-01 2.508908357667039013e-01 3.474209559513289136e+00
-2.636286116158959025e+00 4.994441339934166391e-01 -5.278440443538594096e+00
3.226699284963763237e+00 5.752397797107913213e-01 5.609311801395280739e+00
-1.636211316765882939e+00 5.260631562905393466e-01 -3.110294452672560883e+00
1.806618482219868982e+00 5.680398702655112819e-01 3.180443093502266727e+00
1.738586687128580721e-01 2.274701427448888313e-01 7.643142375298158653e-01
-6.465451522607021939e-01 2.931659834528914099e-01 -2.205389399703649556e+00
2.509491047130942287e-01 5.078110653955094506e-02 4.941780945983170525e+00
-1.097502356396848205e-01 5.964973865124359453e-02 -1.839911424949666863e+00
