5.941836595439326657e-02
5.119902950797053376e-02
4.489826189260465866e-02
3.697796394401502845e-02
3.088530685594136418e-02
2.382147859234638385e-02
1.913789266697283470e-02
1.523038522842611910e-02
1.054635517029673536e-02
9.639167080892262207e-03
9.197052027158361329e-03
9.487664085640756459e-03
7.749568117360208439e-03
7.204624012099983960e-03
7.784369162906730824e-03
6.521324067954557997e-03
6.523621088228529798e-03
6.313990208946028242e-03
6.553132785917617151e-03
6.616398976451702378e-03
6.267658092963072740e-03
6.919091527057800659e-03
6.774295621833145362e-03
7.470645339318226011e-03
7.839733072541701583e-03
