7.598723316901741243e-02
6.862766610662690558e-02
5.785326738083362841e-02
4.478836110735381904e-02
3.452459956228542959e-02
2.656807063053199386e-02
2.343241795943533032e-02
1.931313797970192481e-02
1.270362022200189137e-02
1.105503017782119395e-02
9.422031796567901032e-03
9.461680170730787237e-03
7.447216707719492811e-03
6.143491760347149881e-03
6.050071599107715442e-03
5.384078319538418769e-03
4.828750502449217358e-03
4.800734641585006554e-03
4.299600168978579169e-03
4.522558555269797463e-03
4.330378265634584820e-03
4.411884662264958616e-03
4.355748971628103927e-03
5.023842309254230448e-03
5.440452767255170990e-03
