5.349943114441110259e-01
-2.550319130846501192e-01
2.483973547282057048e-01
1.473073843644878422e-01
5.562693576968614773e-01
-2.141340568862174498e-01
-7.193741987914557434e+00
9.398307597249021261e-02
-3.777074329494635840e+00
-7.519898974716796580e-01
-3.955529432960978031e+00
5.500085650039347129e+00
-4.090582266307810855e+00
1.088972391937111484e+00
-1.589852394532338176e+00
-2.515221903524735847e-01
-1.253371071915682089e+00
8.243193917430120532e-01
6.419548152983170830e+00
-6.633013296737919617e+00
4.909945842157596552e+00
-3.973168057890834159e+00
1.136803076160735504e+00
-1.197845349117238722e+00
-1.422296181076129484e-01
5.125414733460454952e-01
-2.404474847559852968e+00
8.716473400149613582e-01
-2.636286116158959025e+00
3.226699284963763237e+00
-1.636211316765882939e+00
1.806618482219868982e+00
1.738586687128580721e-01
-6.465451522607021939e-01
2.509491047130942287e-01
-1.097502356396848205e-01
