5.931070569767105116e-02
5.135434456796363067e-02
4.500571352923588009e-02
3.695947355907701348e-02
3.064472521271117272e-02
2.373565990780530238e-02
1.913750314105574363e-02
1.528500095974316339e-02
1.067067739640032743e-02
9.690240716429005668e-03
9.192234930999703194e-03
9.431585688435877024e-03
7.734917877371073371e-03
7.202982853006158898e-03
7.769531838944086603e-03
6.540354261151874390e-03
6.535187113130045723e-03
6.316822247698482100e-03
6.539837249118825996e-03
6.597947353231528068e-03
6.258354206207963726e-03
6.925648990302141032e-03
6.797032975549099562e-03
7.493856049682791863e-03
7.814741527987565176e-03
