7.615862112714544274e-02
6.815644555794088399e-02
5.781804165649926525e-02
4.501253377799109556e-02
3.458347192663606406e-02
2.612896538411067088e-02
2.371432277380068621e-02
1.971493895532652751e-02
1.274644919169295315e-02
1.109914103302772626e-02
9.416283650226212401e-03
9.492102101781942775e-03
7.388763104489373332e-03
6.049377349777631217e-03
5.974446879190849907e-03
5.305886322930494087e-03
4.754496644908862840e-03
4.747550437202209886e-03
4.251477745705549427e-03
4.501621264460901883e-03
4.321620698510629521e-03
4.422699654648986484e-03
4.378932554226956306e-03
5.082663805614562325e-03
5.522776671884224546e-03
