5.634407620258254090e-02
3.869659896473155669e+00
9.983587241030942305e-01
-9.813668880414411433e+00
-1.845137475407208349e-01
-1.434326357995362455e+00
-1.718443662872090716e+00
-1.715580876025565166e-02
2.259925338322037458e+00
1.874695354029756622e+00
-5.087897725625161627e+00
4.143161346143561796e-01
7.837302369609574493e-01
-2.123288783159484050e-01
1.665994833169005540e+00
2.114638716564538168e+00
-1.523068186301010374e-01
-1.613283426787069041e+00
3.410644540781160305e+00
-1.846082907645195892e+00
-1.717595197326670764e+00
-5.119576593350175786e-01
1.878536509042116887e+00
-3.210720042926561990e-01
-1.910032715561116756e+00
-3.085706772826378730e-01
1.964303956027141806e+00
6.597565779894615234e-01
4.729061225152279557e-01
5.652002084520645342e-01
-1.942739629326378337e+00
1.075010638391660500e-01
1.431348901461704515e-01
