-3.628769944061024155e+00
-4.510049291534675042e+00
-5.338011938877397000e+00
-6.144472563821715028e+00
-6.890347397101462157e+00
-7.604634694322649047e+00
-8.235515659104855501e+00
-8.802587371632730751e+00
-9.359722025039749482e+00
-9.733098758896211677e+00
-1.002191127561874673e+01
-1.021672121593702975e+01
-1.045513857934449220e+01
-1.059299103492404015e+01
-1.063152574829930508e+01
-1.075215587851978150e+01
-1.078695398981711584e+01
-1.083801509228779025e+01
-1.087752505186455210e+01
-1.096382349048682237e+01
-1.113141673865126968e+01
-1.130760003150822612e+01
-1.163260267124569580e+01
-1.202683280082263906e+01
-1.258277831983237505e+01
-4.223275347649790845e+00
-4.473884497382037750e+00
-5.291513049630009569e+00
-6.087616497802646798e+00
-6.824717148486429963e+00
-7.530406012746123423e+00
-8.156973617445460789e+00
-8.723628119100924394e+00
-9.280020983536180879e+00
-9.665429401273048171e+00
-9.971775124686661940e+00
-1.019294343726905616e+01
-1.045367184272307171e+01
-1.062406147934113143e+01
-1.070563959713541813e+01
-1.085944874748487265e+01
-1.093559296100940692e+01
-1.102274545482582369e+01
-1.109508682884943376e+01
-1.120237192245158653e+01
-1.137216364250448031e+01
-1.153677453243049555e+01
-1.181265526089920215e+01
-1.211785413145851109e+01
-1.248355866087752730e+01
-4.673257163975566897e+00
-4.535205977060217108e+00
-4.802965064057616473e+00
-5.601870801436370506e+00
-6.346066456280288648e+00
-7.059299300206338224e+00
-7.693497471876254323e+00
-8.268490423850787252e+00
-8.834710693259534509e+00
-9.233742631061108597e+00
-9.557305817329439179e+00
-9.799830212070473223e+00
-1.008516449330331355e+01
-1.028400723557887453e+01
-1.039727573454357312e+01
-1.058357829849520293e+01
-1.069330862826846129e+01
-1.081244662734633977e+01
-1.091362830106175608e+01
-1.104352546844980232e+01
-1.122636930247158737e+01
-1.139259163707786726e+01
-1.165226709260539373e+01
-1.191998246192520838e+01
-1.221429009268247334e+01
-4.993420455952009895e+00
-4.846148141382032648e+00
-4.706104571546896764e+00
-4.996907017005477236e+00
-5.755751467693559498e+00
-6.485291495641185122e+00
-7.135625537263427631e+00
-7.725365006746348406e+00
-8.305530736433400563e+00
-8.719229621247375661e+00
-9.058944990224013338e+00
-9.319949755258081225e+00
-9.626494962461130456e+00
-9.849349445927350288e+00
-9.989052867195505669e+00
-1.020340199863841946e+01
-1.034194105603125280e+01
-1.048900003955717430e+01
-1.061554811020574540e+01
-1.076581835398360987e+01
-1.096118436562583298e+01
-1.112969004928092609e+01
-1.137688961366858997e+01
-1.161439709964242795e+01
-1.185556490804059671e+01
-5.263745194000416738e+00
-5.109310642016764881e+00
-4.954599473161530376e+00
-4.881916129695354378e+00
-5.152016502854678492e+00
-5.902036310274980657e+00
-6.572225328574694991e+00
-7.180567775117925322e+00
-7.777246065129128638e+00
-8.206176287929244140e+00
-8.560740824665780124e+00
-8.837369243940845109e+00
-9.161264606589668347e+00
-9.403532743449472875e+00
-9.564664594365380523e+00
-9.802231973128177955e+00
-9.964879469791426914e+00
-1.013570789666371574e+01
-1.028411321946612489e+01
-1.045218848609994211e+01
-1.065868238332349627e+01
-1.082915709683609329e+01
-1.106528532870632553e+01
-1.127590144795175320e+01
-1.147139060759578122e+01
-5.499609756578982989e+00
-5.338072341814926958e+00
-5.171882489211994560e+00
-5.080797311055648358e+00
-5.055509089685624957e+00
-5.336647453190963120e+00
-6.028258510560550398e+00
-6.655491817758756312e+00
-7.268979770697573173e+00
-7.712719933870569200e+00
-8.080347914397107090e+00
-8.369517757922686485e+00
-8.706641392714814742e+00
-8.963568062314349660e+00
-9.141072752775139421e+00
-9.396832172544600681e+00
-9.578816013508740568e+00
-9.769167378955087244e+00
-9.935860606334021128e+00
-1.011905466497142037e+01
-1.033504360431642333e+01
-1.050692208757216406e+01
-1.073280727139061597e+01
-1.091883979566059359e+01
-1.107324105906277545e+01
-5.705509837133059037e+00
-5.535430653234505449e+00
-5.357958008957749207e+00
-5.251597630479904133e+00
-5.204959594156352232e+00
-5.258435452549433897e+00
-5.513773663215806309e+00
-6.160030275423925339e+00
-6.788498358041097802e+00
-7.245153107505728940e+00
-7.623275039882697612e+00
-7.921455712370175206e+00
-8.267470888760330539e+00
-8.534144521023891983e+00
-8.722813677163028245e+00
-8.991710747069028287e+00
-9.188208360573117517e+00
-9.393849624754995631e+00
-9.575299994557726180e+00
-9.771030331523725465e+00
-9.995084033177286997e+00
-1.016799439663376958e+01
-1.038484654161864107e+01
-1.054906650109926680e+01
-1.066799574826455732e+01
-5.867332248953289309e+00
-5.688496061138475390e+00
-5.499984090707180862e+00
-5.379439402906940337e+00
-5.314684813666916696e+00
-5.344085510612063494e+00
-5.427737155374703804e+00
-5.686183750941959936e+00
-6.328113690790706514e+00
-6.794477633347413281e+00
-7.179546591299641456e+00
-7.482653687518726393e+00
-7.832696502913334413e+00
-8.103901343542055713e+00
-8.298400487731491637e+00
-8.575051286473133416e+00
-8.781066102956643249e+00
-8.997538356676960447e+00
-9.190029644595405500e+00
-9.395455885129448959e+00
-9.625732029518285771e+00
-9.798920639016484913e+00
-1.000713671950437522e+01
-1.015106371680928810e+01
-1.023685541045372105e+01
-5.909823291468062401e+00
-5.722058967991942247e+00
-5.522618140980997126e+00
-5.388462491565407575e+00
-5.306859340600675878e+00
-5.315327639375080793e+00
-5.373082024297477055e+00
-5.498645881718673856e+00
-5.815633468578069731e+00
-6.288488470774736605e+00
-6.676565746483023034e+00
-6.980070269272856898e+00
-7.328930027432058125e+00
-7.599197157467570740e+00
-7.794009147995584641e+00
-8.072869505299465231e+00
-8.283277587054286073e+00
-8.506015118000940234e+00
-8.705750928566672542e+00
-8.917976141228507458e+00
-9.152600285534918001e+00
-9.325306568615008729e+00
-9.525289700185021857e+00
-9.650455117663563342e+00
-9.705489065050322495e+00
-6.081743352883174580e+00
-5.884944732361168107e+00
-5.674662614962010743e+00
-5.527314553652180606e+00
-5.429684806487605542e+00
-5.418659822760290901e+00
-5.453349323238510848e+00
-5.551519741290847243e+00
-5.757305491154490085e+00
-5.976742609291342490e+00
-6.364412808199971572e+00
-6.664027878540490946e+00
-7.006561359125777599e+00
-7.270335062288486583e+00
-7.459837613587088079e+00
-7.735254654396581664e+00
-7.944829144328423354e+00
-8.169170878120571189e+00
-8.372276711677701044e+00
-8.588344582187902532e+00
-8.825405141379860652e+00
-8.996855203843345805e+00
-9.189007952248315902e+00
-9.296952847272276443e+00
-9.323669012688904800e+00
-6.235407779731809264e+00
-6.029514964187770332e+00
-5.808479397381549170e+00
-5.648314851996282471e+00
-5.535360788481036742e+00
-5.505919670256204768e+00
-5.519115154519131039e+00
-5.592613195778107560e+00
-5.769846006758700518e+00
-5.888117584102480428e+00
-6.094203828983352444e+00
-6.386221752366289195e+00
-6.718100598543492730e+00
-6.970184759258680529e+00
-7.148903999143036536e+00
-7.415311964533773725e+00
-7.618830511632698865e+00
-7.840086879164433142e+00
-8.042646483147528613e+00
-8.259560097149460489e+00
-8.497116052403294262e+00
-8.666523093934614508e+00
-8.851245523195583331e+00
-8.943521284650662651e+00
-8.944431065300188166e+00
-6.460647559305338739e+00
-6.245657689074135988e+00
-6.013975707281606908e+00
-5.841369375028877542e+00
-5.713766946333137753e+00
-5.666889472346070988e+00
-5.659894866351980802e+00
-5.710453598139437759e+00
-5.862025175721020886e+00
-5.952455866405310658e+00
-6.059030096453285275e+00
-6.234455319632616899e+00
-6.552049744557848499e+00
-6.787950324038622973e+00
-6.950857205671862715e+00
-7.203070777069341624e+00
-7.395502698161990018e+00
-7.609087900766914103e+00
-7.807224178954283111e+00
-8.021994876328365720e+00
-8.258101912045068715e+00
-8.424675938369396988e+00
-8.602369307134431153e+00
-8.680540275538030315e+00
-8.658232466174737851e+00
-6.561234591925868109e+00
-6.337193260217211410e+00
-6.094991460949246154e+00
-5.910327019885922795e+00
-5.768751734532751030e+00
-5.705390265674049388e+00
-5.679430678957129608e+00
-5.708544333153387385e+00
-5.836358406159154910e+00
-5.901658850599300621e+00
-5.981743690283366277e+00
-6.056360669737257396e+00
-6.310145936054689209e+00
-6.525798791341781424e+00
-6.668370475898361960e+00
-6.901766644749542046e+00
-7.078458364598092523e+00
-7.280061022831882056e+00
-7.470060460824789139e+00
-7.679794832669272431e+00
-7.912558878414235330e+00
-8.075530742492855296e+00
-8.246609846432123803e+00
-8.312257573522551013e+00
-8.269394404028320267e+00
-6.677391335788487758e+00
-6.444344754286951193e+00
-6.191744163998849082e+00
-5.995407882904340013e+00
-5.840539958115241070e+00
-5.761642490855136245e+00
-5.717920374924235993e+00
-5.727007137588504548e+00
-5.832697259770239562e+00
-5.874761349971562296e+00
-5.930918094260886342e+00
-5.981438861025710096e+00
-6.134352679588079837e+00
-6.321991806284621873e+00
-6.440026347878690771e+00
-6.650418519274804652e+00
-6.807120146533097937e+00
-6.992805538298287438e+00
-7.171237340059157361e+00
-7.373247304966504601e+00
-7.600906683025711708e+00
-7.759569201988750997e+00
-7.924486023528025669e+00
-7.979214017711627527e+00
-7.918510493370787273e+00
-6.871356550763962012e+00
-6.629273278055084262e+00
-6.366338019809648863e+00
-6.158690063407342485e+00
-5.991200336765183820e+00
-5.897712287283824573e+00
-5.837423693214685017e+00
-5.827876540143282824e+00
-5.912981128537213138e+00
-5.933486085852007541e+00
-5.967513613703887998e+00
-5.996188594045846365e+00
-6.127852854033510432e+00
-6.218505558742334571e+00
-6.326331650464649847e+00
-6.509735276255036673e+00
-6.642429408599677565e+00
-6.808560821027293208e+00
-6.972293647550769080e+00
-7.164169163914735350e+00
-7.385181919475117596e+00
-7.538943316688245133e+00
-7.698222712115240896e+00
-7.743659066125059276e+00
-7.667834765828758670e+00
-7.009834576745988421e+00
-6.758488022392175942e+00
-6.485164267174398312e+00
-6.266502755375732647e+00
-6.087030143677688798e+00
-5.979886909085783131e+00
-5.904224092835592685e+00
-5.877431057334474573e+00
-5.943461173018175003e+00
-5.944016865441573039e+00
-5.957530542250438543e+00
-5.965957811251032972e+00
-6.078419325642244964e+00
-6.151716618880452181e+00
-6.170418009750748389e+00
-6.344860526013186508e+00
-6.449597533554455531e+00
-6.592620675671834185e+00
-6.738689217151521582e+00
-6.918252824124429878e+00
-7.131323674827838133e+00
-7.279745964851522366e+00
-7.434021402083496710e+00
-7.471813610527656024e+00
-7.383510709072485412e+00
-7.145812674999215020e+00
-6.884602427067710195e+00
-6.600630298767195647e+00
-6.371143889802605820e+00
-6.180264352064605227e+00
-6.060374950788146364e+00
-5.970517716211502623e+00
-5.927863898507604645e+00
-5.976328470955534655e+00
-5.958522654472584890e+00
-5.953080970651467574e+00
-5.942707108717123710e+00
-6.037319341542878526e+00
-6.094853881230307024e+00
-6.100723650074264981e+00
-6.197864687696324815e+00
-6.280233522093601195e+00
-6.396405288857096139e+00
-6.521782375550890798e+00
-6.686919441978766088e+00
-6.890906874046333286e+00
-7.033680605104319028e+00
-7.183693540987710513e+00
-7.215489495405522646e+00
-7.117190114645963739e+00
-7.325460601476660116e+00
-7.053294767924759512e+00
-6.758111342823118761e+00
-6.517812099744694443e+00
-6.315991534460694723e+00
-6.184209458255849334e+00
-6.081303830951058309e+00
-6.024158219266420922e+00
-6.056564411758731836e+00
-6.021965382686115476e+00
-5.999095428754514181e+00
-5.971302696068309324e+00
-6.049222216459053669e+00
-6.091891258643834739e+00
-6.085773893188227035e+00
-6.174443430198359728e+00
-6.192534266868373827e+00
-6.264785949661435538e+00
-6.366040418756303332e+00
-6.514495581929879542e+00
-6.708262936153687406e+00
-6.845123854996246315e+00
-6.991672599371560715e+00
-7.019094366804929486e+00
-6.913103095141317489e+00
-7.451046948712398255e+00
-7.166503759387837569e+00
-6.859285890185998547e+00
-6.607985151238250587e+00
-6.395544700839141505e+00
-6.252640375307136011e+00
-6.137776293087470414e+00
-6.067477068653963634e+00
-6.085328508412135129e+00
-6.035482244011975972e+00
-5.996689728254258611e+00
-5.952829454073586213e+00
-6.015144195814822403e+00
-6.043668637835880375e+00
-6.025823079199829735e+00
-6.106225917264393566e+00
-6.120320384313543194e+00
-6.139520610157452651e+00
-6.172869838810348675e+00
-6.301774110347268198e+00
-6.483993174535795490e+00
-6.614618048175479714e+00
-6.758492077061030834e+00
-6.783119822831637613e+00
-6.671614834392294746e+00
-7.648682865181616997e+00
-7.350297044662429613e+00
-7.030164953475167344e+00
-6.767545416604599851e+00
-6.544669482232946756e+00
-6.391315995580765019e+00
-6.265508700540304510e+00
-6.183346297024111315e+00
-6.188132967461423384e+00
-6.124551105423845065e+00
-6.071313858942266606e+00
-6.012708292037275193e+00
-6.060471750062951024e+00
-6.075493856442870211e+00
-6.046010560386130273e+00
-6.117716359641873325e+00
-6.126980924332653622e+00
-6.146010546475567438e+00
-6.132849131109624707e+00
-6.174744915772572895e+00
-6.343347177176073437e+00
-6.467193076646537087e+00
-6.609111054344187330e+00
-6.632476528847605302e+00
-6.517574988246277456e+00
-7.797558405439692919e+00
-7.483952715621731144e+00
-7.150151315496457549e+00
-6.875909396141994812e+00
-6.642720515477728682e+00
-6.479514482695083011e+00
-6.343705314463357503e+00
-6.250913882378935860e+00
-6.244101657292818963e+00
-6.168251483690037063e+00
-6.102010966797774216e+00
-6.029948340866770451e+00
-6.064189026188731901e+00
-6.066301828246099426e+00
-6.025186743617283014e+00
-6.087563819847107816e+00
-6.090563497627668355e+00
-6.107478006475478338e+00
-6.097027777926343539e+00
-6.092487116783616763e+00
-6.166006176221142887e+00
-6.281738047790213386e+00
-6.422224388406128526e+00
-6.445792532274547959e+00
-6.329608659487113265e+00
-7.970778799475478849e+00
-7.640622369594410657e+00
-7.292544154291279668e+00
-7.006480600880442111e+00
-6.763132017193147050e+00
-6.590645123924274706e+00
-6.445727986199595527e+00
-6.343492416874275897e+00
-6.326517061161185396e+00
-6.239819135460104249e+00
-6.161975068106064768e+00
-6.077703901653759289e+00
-6.099424214209073547e+00
-6.089178784640675524e+00
-6.036376318895253057e+00
-6.088680204699138621e+00
-6.083763542335741903e+00
-6.095976492285683612e+00
-6.084881883434794858e+00
-6.084360874521622442e+00
-6.106238603227756911e+00
-6.131943168600896499e+00
-6.270859208746835556e+00
-6.295961016930394116e+00
-6.180652241719067241e+00
-8.123603318363111114e+00
-7.775505631829679132e+00
-7.412612223650647536e+00
-7.114624896737515414e+00
-6.861343772436548250e+00
-6.680171135358704326e+00
-6.527032541295802126e+00
-6.416511635035823780e+00
-6.390782371738506384e+00
-6.294621598800564044e+00
-6.206537203892639631e+00
-6.111268628398526914e+00
-6.121443756038210005e+00
-6.099353833163165817e+00
-6.034759857137815153e+00
-6.076165708388474584e+00
-6.061553852276357013e+00
-6.066228677979558448e+00
-6.050460130851696761e+00
-6.049069260986336793e+00
-6.074242035389541883e+00
-6.043384969876236745e+00
-6.110698348524232770e+00
-6.138160900742744452e+00
-6.025941982319640289e+00
-8.342616334493552444e+00
-7.975003082845356417e+00
-7.596725756564087995e+00
-7.286745089933367225e+00
-7.023809105216272997e+00
-6.834577819237700247e+00
-6.674117181577454261e+00
-6.556462753784811248e+00
-6.523370495730558716e+00
-6.419109435602759817e+00
-6.322120164977016010e+00
-6.217033107615673515e+00
-6.216610047458155819e+00
-6.183153941477002036e+00
-6.106621496702778984e+00
-6.136236585902841156e+00
-6.110052838875914993e+00
-6.104187522864457982e+00
-6.079423049886312214e+00
-6.071480957639633580e+00
-6.093358893277830646e+00
-6.062549388481474288e+00
-6.081535385537311988e+00
-6.059008988973492826e+00
-5.951956619072218402e+00
-8.524839607338629222e+00
-8.135803780055026024e+00
-7.741449732037291476e+00
-7.419365902544742930e+00
-7.147050012261131791e+00
-6.950395041959462006e+00
-6.783516558544428143e+00
-6.659875759658337557e+00
-6.620800468407583850e+00
-6.509783786430984875e+00
-6.405200834229693108e+00
-6.291442808143483667e+00
-6.281341723069258975e+00
-6.236962662965833459e+00
-6.148301523111842748e+00
-6.165173857464482765e+00
-6.125456639582533391e+00
-6.105914813204165625e+00
-6.067622640542876589e+00
-6.047056548287176092e+00
-6.058006432816281261e+00
-6.018135979810407932e+00
-6.031497020771745987e+00
-6.003221910555242680e+00
-5.855672838343098263e+00
