5.923176085416648196e-02
5.150772263425311415e-02
4.498429689785589380e-02
3.686290471640321642e-02
3.062387017653375038e-02
2.374715872104620623e-02
1.916599430049679281e-02
1.531078781677120554e-02
1.064818291203503686e-02
9.680278456517414643e-03
9.189659903175977779e-03
9.444925187985776099e-03
7.730785490695054468e-03
7.199897371705383728e-03
7.781623841494026035e-03
6.540987606159362130e-03
6.539531303671372239e-03
6.319345296513824428e-03
6.542999970876416452e-03
6.598131078854032813e-03
6.251888877493443075e-03
6.920394029277589752e-03
6.790211836387454944e-03
7.492971663321302579e-03
7.821585318283134913e-03
