7.598794643825679263e-02
6.826734736859568775e-02
5.767351087639530777e-02
4.481274271302086720e-02
3.469848210634726704e-02
2.673638148967188294e-02
2.382787483254546895e-02
1.961814223270830215e-02
1.261687385614021842e-02
1.097984580065940359e-02
9.328994640613834724e-03
9.432474479139788329e-03
7.360425247952556357e-03
6.041199320334363770e-03
5.978613136714946465e-03
5.316615098029239470e-03
4.767425864109302823e-03
4.760536803187919927e-03
4.262095871688093701e-03
4.510170014930866417e-03
4.327751024327051999e-03
4.427437974685134899e-03
4.383109158686386564e-03
5.086638133288503595e-03
5.524787760899509820e-03
