6.856123043632848205e-09
-7.154683893769900216e+00
-2.027693166335358121e-01
-1.703881103609600656e+00
-1.157013671248753539e+00
-6.715467046901836268e-01
1.674976114951268524e+00
1.204509066233344416e+00
-3.176631348730550197e+00
1.572092434907621794e-01
5.843405604331218806e-01
-3.754868689785023639e-01
1.112917529666407557e+00
3.038149840240584432e+00
8.015488939567240179e-01
-5.090428680348010326e-01
-3.903265252134234253e-01
-1.483226082363095610e+00
-2.193077605391013929e-01
-5.975320700287276576e-01
1.505090928802481187e+00
-5.512481449875321626e-01
-2.479153965466736498e+00
-9.128610359900639626e-01
3.919705234959387496e+00
4.068138239524868860e-01
-5.368288654857794606e-01
7.640811299225150899e-01
-1.543271941817173865e+00
8.746355976800031240e-02
5.012524841389159186e-02
