-3.368289956107090255e+00
-4.219520870572666560e+00
-5.017088058732513289e+00
-5.784389402543845371e+00
-6.480443705143498434e+00
-7.138657564290979529e+00
-7.707108727313536356e+00
-8.207908512424751279e+00
-8.700378050359335091e+00
-9.002453030482469032e+00
-9.220625475363982915e+00
-9.344589229861032464e+00
-9.521746530097962236e+00
-9.599445880118292251e+00
-9.579958398372895090e+00
-9.658135528798771574e+00
-9.655519646612862772e+00
-9.682768137768254846e+00
-9.711091974447368713e+00
-9.803625119978386593e+00
-9.998157943701135864e+00
-1.021887714913793133e+01
-1.061615873200520888e+01
-1.110839617135432356e+01
-1.180255511584855377e+01
-2.706763668106590970e+00
-2.935248060988354890e+00
-3.782520785664459595e+00
-4.595155102796975477e+00
-5.334008330246289731e+00
-6.034040832516136987e+00
-6.644599375625911186e+00
-7.188779548417659093e+00
-7.726602004189663475e+00
-8.076417206724663345e+00
-8.344847204979199518e+00
-8.521431122106214673e+00
-8.753131724491710841e+00
-8.886573298282023359e+00
-8.923017996005158992e+00
-9.056023547621988357e+00
-9.105553866229138649e+00
-9.180403127624597204e+00
-9.249634345735371355e+00
-9.373948777566200263e+00
-9.588419338045971685e+00
-9.814230528207307458e+00
-1.019847139321212381e+01
-1.065596371340696180e+01
-1.128981420290263316e+01
-2.795666597211808213e+00
-2.367761620816158707e+00
-2.613998225885275861e+00
-3.477075887328001436e+00
-4.260845684931773292e+00
-5.002260213044792181e+00
-5.652350123175887475e+00
-6.235586545272553849e+00
-6.813057329329502032e+00
-7.203871791350927367e+00
-7.515102488108914791e+00
-7.736430706119902467e+00
-8.014653030732425520e+00
-8.195919222552403127e+00
-8.280708564164829255e+00
-8.461487571185807965e+00
-8.556820597858287414e+00
-8.673793916738270937e+00
-8.779454294049868324e+00
-8.932178394665053034e+00
-9.164406196939971494e+00
-9.394380920882204222e+00
-9.765941986195915803e+00
-1.019035320331962247e+01
-1.076685497181691709e+01
-2.861056402967276036e+00
-2.459581653142533408e+00
-2.139437339561898632e+00
-2.420069292813999962e+00
-3.250873305700817451e+00
-4.033233242250273243e+00
-4.720278506285556119e+00
-5.338247039295935359e+00
-5.949661562086406619e+00
-6.374734320671003651e+00
-6.721308861059601902e+00
-6.979505518202796743e+00
-7.296227985112689218e+00
-7.517401189212923995e+00
-7.642947639131477011e+00
-7.864445135761462424e+00
-7.999237377769595092e+00
-8.152858041376363829e+00
-8.290469355655568862e+00
-8.468231507538396485e+00
-8.716036056638635898e+00
-8.949245863412327751e+00
-9.308488047223949735e+00
-9.701482177353472736e+00
-1.022359247140984628e+01
-2.939378865638253124e+00
-2.558476564217369020e+00
-2.252631121623652533e+00
-2.065423387029822422e+00
-2.340536973253733777e+00
-3.163405700741404925e+00
-3.884830305462767974e+00
-4.533206810946659893e+00
-5.172860482900637713e+00
-5.625450575119581131e+00
-5.999912104263293244e+00
-6.287101338783656956e+00
-6.634302368056983035e+00
-6.887464978681956396e+00
-7.046181001317860293e+00
-7.301342021758014944e+00
-7.469249986367915817e+00
-7.654041281941241337e+00
-7.819125310952100172e+00
-8.018553896583970442e+00
-8.279754697538795227e+00
-8.515271136195835311e+00
-8.862555356694103992e+00
-9.225796415918846805e+00
-9.696472481918297248e+00
-3.030005363176942801e+00
-2.663817731927862198e+00
-2.367794447781824463e+00
-2.183935506093589662e+00
-2.084538890079349560e+00
-2.392148966744495731e+00
-3.145376898877776384e+00
-3.819837238322683959e+00
-4.482025469827726205e+00
-4.955391932735826899e+00
-5.350283595751538002e+00
-5.658589545889156192e+00
-6.028247557588344741e+00
-6.305481968978469354e+00
-6.489780028738866946e+00
-6.771549607186454267e+00
-6.966229801660982268e+00
-7.176715016437775319e+00
-7.364793537943655544e+00
-7.582516939804401446e+00
-7.854933497642735851e+00
-8.091828117237191975e+00
-8.427515292612877573e+00
-8.762667297020559687e+00
-9.184866381351385556e+00
-3.201288476776661618e+00
-2.843957737448889578e+00
-2.553279899141450038e+00
-2.369593079190940976e+00
-2.263991826225007387e+00
-2.277093993460894694e+00
-2.570270867913992507e+00
-3.266490902772657634e+00
-3.945509104166314174e+00
-4.432910974789211700e+00
-4.840775916778994770e+00
-5.162322720766022499e+00
-5.546416134947811827e+00
-5.839804741339367666e+00
-6.042097302628059552e+00
-6.343420473276681015e+00
-6.558529404876486169e+00
-6.789231826091405075e+00
-6.995826617853884599e+00
-7.228473218422290181e+00
-7.509925038173808076e+00
-7.747269387760134407e+00
-8.071720436207138860e+00
-8.380447401886874204e+00
-8.757126750935423587e+00
-3.351076488559528777e+00
-2.996744862897424255e+00
-2.706935757804431297e+00
-2.520244388355799003e+00
-2.406466411029825725e+00
-2.405364796961189988e+00
-2.466953187043784190e+00
-2.771016086545376567e+00
-3.461159668146957191e+00
-3.955855983480783600e+00
-4.369237349527562486e+00
-4.696149145584991302e+00
-5.086656382298105683e+00
-5.388281577922378496e+00
-5.600981105139501537e+00
-5.914802902179475019e+00
-6.143997078162202641e+00
-6.389439993047894006e+00
-6.610072832826798361e+00
-6.854271014581498456e+00
-7.142577601275529986e+00
-7.379443229909161239e+00
-7.693019069622209827e+00
-7.976985012666067298e+00
-8.311101872816148983e+00
-3.403102992210191857e+00
-3.045912701956853486e+00
-2.752495617451097054e+00
-2.559623027255744976e+00
-2.435696238105355071e+00
-2.419513448141112022e+00
-2.460553102012318583e+00
-2.578336312073438830e+00
-2.952710755543422660e+00
-3.447960552564351300e+00
-3.859401487740425463e+00
-4.183802414080295407e+00
-4.572701893365664461e+00
-4.874646072448547862e+00
-5.090165029990502354e+00
-5.409430487608325677e+00
-5.646366415229065794e+00
-5.901073111015852746e+00
-6.131265776569605919e+00
-6.383643921987854242e+00
-6.676624780653002134e+00
-6.912083237389814450e+00
-7.215144786564261281e+00
-7.476013723063802630e+00
-7.770525340700430661e+00
-3.607124457401953421e+00
-3.241217724297191349e+00
-2.939715947749447889e+00
-2.737485465554879926e+00
-2.601437777104113280e+00
-2.569296416603331856e+00
-2.589880308188141633e+00
-2.682466187087034104e+00
-2.899964841347553612e+00
-3.158981151739232995e+00
-3.561024801119867522e+00
-3.875038995958249632e+00
-4.254309137857494427e+00
-4.548654694622294770e+00
-4.759405546882844007e+00
-5.077059699261582182e+00
-5.315393885772638605e+00
-5.573887649688430201e+00
-5.809161918773517286e+00
-6.066348410331215746e+00
-6.361823045995913084e+00
-6.594945879891184859e+00
-6.887854056722716223e+00
-7.127290002769632871e+00
-7.385153624276050266e+00
-3.814774362846421685e+00
-3.434293408628462885e+00
-3.120230227408583801e+00
-2.905465181961169652e+00
-2.755324506731002820e+00
-2.706347181042799477e+00
-2.706568284227497845e+00
-2.774881416768172571e+00
-2.964214942007656450e+00
-3.082936732401171387e+00
-3.325740768349157772e+00
-3.621492369917467258e+00
-3.983111594492580565e+00
-4.261940923170762119e+00
-4.460336134546511566e+00
-4.769324015869726097e+00
-5.002712968522300407e+00
-5.259517087793176948e+00
-5.495394738164331550e+00
-5.754017958336081762e+00
-6.049805876027137153e+00
-6.279664636136095268e+00
-6.562780358820007542e+00
-6.782447330506402139e+00
-7.006620202265659181e+00
-4.116018967973595011e+00
-3.715106014379756516e+00
-3.384004715857447554e+00
-3.153528435903681704e+00
-2.987322686414749295e+00
-2.920632000885913904e+00
-2.900583289549572452e+00
-2.945548260506065663e+00
-3.108319661429310266e+00
-3.197516025834318931e+00
-3.307523447306148778e+00
-3.513128795329418796e+00
-3.849075522669390015e+00
-4.104471017512556941e+00
-4.282923052411564235e+00
-4.576189696871848511e+00
-4.798289922920547568e+00
-5.047927684773466872e+00
-5.279930494185072654e+00
-5.536618825444049818e+00
-5.830539530187373032e+00
-6.056205765564458332e+00
-6.329889952295495448e+00
-6.531451965712969709e+00
-6.724891334107621965e+00
-4.314023125421161176e+00
-3.886820394186463190e+00
-3.534204265730729322e+00
-3.284840080017310537e+00
-3.100597168790516278e+00
-3.015315728767391068e+00
-2.975090176787142937e+00
-2.997631570927011602e+00
-3.135443852209365279e+00
-3.197228590887876365e+00
-3.277826760627934988e+00
-3.352864227919965412e+00
-3.655365774958988734e+00
-3.879409830241904444e+00
-4.030331153088511975e+00
-4.300821594895299249e+00
-4.505289601604395955e+00
-4.742284293272411411e+00
-4.965934039481369133e+00
-5.217315864301568240e+00
-5.507188861122478407e+00
-5.727734120821546426e+00
-5.992347689794069510e+00
-6.177468761033402700e+00
-6.343131872445988861e+00
-4.549513005828279333e+00
-4.090162718683534315e+00
-3.711555047661231121e+00
-3.440126284934565071e+00
-3.235874124491187054e+00
-3.131124535320348734e+00
-3.070815116572978898e+00
-3.071857518662009401e+00
-3.186313684971804339e+00
-3.222800598162053110e+00
-3.276432054312147013e+00
-3.323464152350376288e+00
-3.495801862991543718e+00
-3.727483531927615168e+00
-3.843286607166591651e+00
-4.083945880545718943e+00
-4.264438175191902936e+00
-4.483313083918722519e+00
-4.694131544688930013e+00
-4.936835245548676809e+00
-5.220480039474460376e+00
-5.434975872549531850e+00
-5.690879741957320270e+00
-5.861223887109458630e+00
-6.002067987921795300e+00
-4.884568436143437609e+00
-4.387212814814273720e+00
-3.978136888588254205e+00
-3.681466877593094988e+00
-3.455233380454189707e+00
-3.330138247482473002e+00
-3.249837935844865910e+00
-3.230305930648346369e+00
-3.323008986651593943e+00
-3.336311874586197934e+00
-3.365419155266417661e+00
-3.387020669042596133e+00
-3.533798104709421128e+00
-3.636662876175531967e+00
-3.783869241528013738e+00
-3.987642380723982249e+00
-4.137815470594429890e+00
-4.333093883633639898e+00
-4.526602836737548152e+00
-4.757256796122367959e+00
-5.032492892185540967e+00
-5.240010847693208795e+00
-5.487565935731034017e+00
-5.644797170887042803e+00
-5.763779507480803588e+00
-5.185535291374872457e+00
-4.644316557581117166e+00
-4.200295663509271193e+00
-3.875207732987482778e+00
-3.625020811673050680e+00
-3.478702740247329395e+00
-3.378504509596541805e+00
-3.339322681879816290e+00
-3.411875632241957668e+00
-3.404108295151953012e+00
-3.411133938477812766e+00
-3.409879652965632779e+00
-3.533592921131478715e+00
-3.614079493938481047e+00
-3.636679737266768964e+00
-3.878256970377534252e+00
-3.991767362775723083e+00
-4.157972567388235063e+00
-4.329693790604556725e+00
-4.544926391006428368e+00
-4.809573294245829800e+00
-5.009184921246268019e+00
-5.248752146112068750e+00
-5.394534487364140318e+00
-5.494612306121831935e+00
-5.504804163374798165e+00
-4.913864538827637851e+00
-4.430421964262444057e+00
-4.073739442952372336e+00
-3.797627009980614421e+00
-3.629208605447445279e+00
-3.509205429660633868e+00
-3.451298364189285817e+00
-3.505304213575885175e+00
-3.478580451691987374e+00
-3.465966995777922666e+00
-3.444431695947785865e+00
-3.547576904067445192e+00
-3.607877350446706100e+00
-3.611656490284835819e+00
-3.736744214780644668e+00
-3.878684443536982940e+00
-4.010339726992935283e+00
-4.155794998104078708e+00
-4.352234622018852583e+00
-4.604111837477093516e+00
-4.794888685033342313e+00
-5.026828964927968713e+00
-5.162826428369540643e+00
-5.246956975674543777e+00
-5.887494511472817216e+00
-5.240976217877840959e+00
-4.713635250164705859e+00
-4.322181466799909444e+00
-4.018171434686202304e+00
-3.826775302391044242e+00
-3.687060155344955348e+00
-3.611352436884482930e+00
-3.648414189961211473e+00
-3.604847803513822946e+00
-3.575037786473653334e+00
-3.535796257294632650e+00
-3.620869512818165159e+00
-3.663175904981866182e+00
-3.649782187247288867e+00
-3.759561225695564168e+00
-3.797302604843971530e+00
-3.935314821739505753e+00
-4.050025918531001246e+00
-4.224300948456275684e+00
-4.461227981178740976e+00
-4.642241598354877929e+00
-4.866915851479775235e+00
-4.994792453204389915e+00
-5.065932975439343622e+00
-6.235089246676309926e+00
-5.527134505748776405e+00
-4.951418432228341437e+00
-4.522016715537118259e+00
-4.188136996793434541e+00
-3.972885742080211280e+00
-3.813551597650856717e+00
-3.720967810966492095e+00
-3.742688472399117838e+00
-3.684393261618379878e+00
-3.639829221565643813e+00
-3.585456248006349877e+00
-3.654953658382418702e+00
-3.681458068538709938e+00
-3.652539739132569352e+00
-3.747860286727658696e+00
-3.773283289618608372e+00
-3.823298367255258956e+00
-3.913869462883892147e+00
-4.062608281312651393e+00
-4.282404636345018112e+00
-4.452726572205905953e+00
-4.670495716762821381e+00
-4.791915472863287562e+00
-4.853023216409778406e+00
-6.673191353140469850e+00
-5.897942386609737575e+00
-5.269374494628667804e+00
-4.798848173335904299e+00
-4.433126680470505399e+00
-4.193142908681014802e+00
-4.014282740743321476e+00
-3.905747470599751026e+00
-3.913730045053965600e+00
-3.842819810169628703e+00
-3.785944285217476502e+00
-3.719014652246071861e+00
-3.775432324922670446e+00
-3.788326825278118815e+00
-3.745532130097756873e+00
-3.827244382015819291e+00
-3.840132495354248832e+00
-3.879762235520384461e+00
-3.902034794547271979e+00
-3.992759604761782821e+00
-4.193244787138818985e+00
-4.351946590747089338e+00
-4.563171544937893565e+00
-4.679798471506234847e+00
-4.733830682744602392e+00
-7.081330881300083924e+00
-6.232929910902143433e+00
-5.547033487818037401e+00
-5.032205890651192171e+00
-4.632670536170179432e+00
-4.367076852644140139e+00
-4.168783635071674709e+00
-4.045221466232898244e+00
-4.041068958374130382e+00
-3.959657499615443665e+00
-3.892913027876538479e+00
-3.816001520460659435e+00
-3.861835562885330031e+00
-3.863312225645608944e+00
-3.808289410586769286e+00
-3.877243561999320409e+00
-3.877380272473225808e+00
-3.905058362276563333e+00
-3.917228454900844259e+00
-3.962802381943110852e+00
-4.073278484027387236e+00
-4.219431704428038721e+00
-4.424473386451850843e+00
-4.537971499578337564e+00
-4.587885424887212515e+00
-7.533108087699333488e+00
-6.605697335169952389e+00
-5.857995668347371954e+00
-5.295690124040804747e+00
-4.860368820451559380e+00
-4.568287830527578031e+00
-4.350654537192827576e+00
-4.212990054421959840e+00
-4.198305468915230598e+00
-4.108506586510772607e+00
-4.034335706097179397e+00
-3.950017109203793009e+00
-3.987763628823587148e+00
-3.980014526193579982e+00
-3.914411837150836071e+00
-3.971458083227186187e+00
-3.958626877519735743e+00
-3.972787004051192561e+00
-3.971640993324856428e+00
-4.005094527199493548e+00
-4.097989853761333734e+00
-4.128782169825848669e+00
-4.328001497862557834e+00
-4.440034813632691701e+00
-4.488787699388238295e+00
-7.984479459192050044e+00
-6.972201146265268434e+00
-6.158217523070097954e+00
-5.545257360363345711e+00
-5.072178020177418922e+00
-4.752732329194875760e+00
-4.515851933970065346e+00
-4.365009722029752126e+00
-4.341396063539651351e+00
-4.245323557717590290e+00
-4.166168806740796704e+00
-4.077017905336131953e+00
-4.109173009597586024e+00
-4.094390213781434973e+00
-4.019855896648400595e+00
-4.065844432556463772e+00
-4.039828797348488543e+00
-4.038904647693922989e+00
-4.021228896654125862e+00
-4.037389118554473022e+00
-4.113136963858967654e+00
-4.161128087382230945e+00
-4.229712366054113382e+00
-4.341944900530947393e+00
-4.392493993104261030e+00
-8.522607441408675655e+00
-7.419603789887253775e+00
-6.534861497684836706e+00
-5.868070045318883210e+00
-5.355260581051290991e+00
-5.007572794351395018e+00
-4.751538271109284395e+00
-4.588442914762091540e+00
-4.557503187952804069e+00
-4.457270858941010161e+00
-4.375574775512034442e+00
-4.284166354561759427e+00
-4.313226150910780099e+00
-4.293601734111805790e+00
-4.211784034781089758e+00
-4.247565055687540614e+00
-4.208148477658108177e+00
-4.190573738900443601e+00
-4.153154610578938311e+00
-4.146848601684765434e+00
-4.197990373913946804e+00
-4.220031669878337333e+00
-4.353334270947221363e+00
-4.330864205991795224e+00
-4.386166751734761782e+00
-9.045149919183490539e+00
-7.845563150637018701e+00
-6.885585476789042758e+00
-6.161786063504710143e+00
-5.607274387671272287e+00
-5.230467110596734415e+00
-4.955371433211141152e+00
-4.780947517219876097e+00
-4.744284726755283010e+00
-4.642006374781544764e+00
-4.560211497011234627e+00
-4.469120341480500080e+00
-4.497580937362330111e+00
-4.475306971783028942e+00
-4.387854136146213335e+00
-4.414277837216523892e+00
-4.361243803043227452e+00
-4.325452162263302647e+00
-4.265076019688728515e+00
-4.231130861174115410e+00
-4.250207968498795452e+00
-4.236214347568719951e+00
-4.330165686309725537e+00
-4.442014545865053954e+00
-4.367463859885003963e+00
