5.923173332462062374e-02
5.150696182654275479e-02
4.498609072179467205e-02
3.686729681597823716e-02
3.062736525386165753e-02
2.374868424559962998e-02
1.916460539475826202e-02
1.530792971471317543e-02
1.064747643466816551e-02
9.679159184219340850e-03
9.188916175812925080e-03
9.444160823215043063e-03
7.732292079183375987e-03
7.202208085905928078e-03
7.783424502440375488e-03
6.543475961162626038e-03
6.541336908278839318e-03
6.320492434707676577e-03
6.543121006957729364e-03
6.597528125891526443e-03
6.251187880390473260e-03
6.919338429216920390e-03
6.789607584542672533e-03
7.492494229947888572e-03
7.821451153591301234e-03
