7.599364833834480748e-02
6.826744782960560143e-02
5.766893834314987255e-02
4.480818188750224085e-02
3.469603679162940740e-02
2.673640000212334014e-02
2.382745453577068268e-02
1.961815094756497874e-02
1.261936631701976452e-02
1.098167560444759591e-02
9.330685636277601808e-03
9.433041428151451441e-03
7.361240388191530801e-03
6.041892507360362152e-03
5.978649777726165529e-03
5.316494950761671383e-03
4.767168327208597470e-03
4.759985928580731836e-03
4.261603724798086225e-03
4.509489233299610739e-03
4.327173098075551283e-03
4.426951656825395438e-03
4.382917691431219634e-03
5.086869451783452602e-03
5.526177554752553095e-03
