3.927080933766761157e-09
5.837160825847965279e-02
1.108226947275119935e-07
2.375903950051669825e-07
-7.313342159967933576e+00
-1.803520412143169993e-01
-1.659307558021933193e+00
-1.230825328330850787e+00
-5.507858367966170787e-01
1.498007419470960500e+00
1.330192337682541526e+00
-3.108912106675177700e+00
2.097423083761396911e-01
4.505519449461695136e-01
-4.825652468591908884e-01
1.173200910635729510e+00
2.926869356674807410e+00
8.896089159170486038e-01
-6.809344658374062442e-01
-4.036473804254308018e-01
-1.593173567534259094e+00
1.270036373364636095e-01
-6.151883659910739599e-01
1.447289089271403206e+00
-5.320866572790826643e-01
-2.477604076751587225e+00
-8.600656560457924371e-01
3.846799516704893396e+00
4.654893173832264086e-01
-7.040350558987152896e-01
7.791598349219528430e-01
-1.475839521615468497e+00
8.561504879645279176e-02
4.493938315638692366e-02
