-3.368292649247510262e+00
-4.223942285407978225e+00
-5.023363934195364422e+00
-5.790700733936779976e+00
-6.485705301300822789e+00
-7.142281174636546659e+00
-7.709093604154184654e+00
-8.208578864473290437e+00
-8.700087617319805844e+00
-9.002357513409036116e+00
-9.221619946747704688e+00
-9.347697140997983212e+00
-9.527479405926518652e+00
-9.608657304478485983e+00
-9.593259186535792793e+00
-9.675219670118227810e+00
-9.676199261661430739e+00
-9.705981099480128549e+00
-9.735240400816792317e+00
-9.826223234109498605e+00
-1.001583528403366508e+01
-1.022746178167849074e+01
-1.061022223360335914e+01
-1.108149678965802032e+01
-1.174683198562309983e+01
-2.717285592430777719e+00
-2.946413466421544225e+00
-3.794741276248120965e+00
-4.607470437985409006e+00
-5.345950622536001617e+00
-6.045337586957503007e+00
-6.655443876914441503e+00
-7.199485127336490820e+00
-7.737232005431102344e+00
-8.088082688896996331e+00
-8.358122785512657416e+00
-8.537082446996407725e+00
-8.771033999711207230e+00
-8.907390999482560190e+00
-8.947248330522095117e+00
-9.082773096029079340e+00
-9.134708288541622423e+00
-9.210777628128376193e+00
-9.279790398845014110e+00
-9.401593502615828157e+00
-9.610509362007745082e+00
-9.827399305177076272e+00
-1.019796900015257002e+01
-1.063652596568717712e+01
-1.124451702577544765e+01
-2.814092170939088700e+00
-2.393854054803309150e+00
-2.640759449697207550e+00
-3.501314352057160129e+00
-4.283520185721108042e+00
-5.023925567610468157e+00
-5.673736866093117115e+00
-6.257265496628807711e+00
-6.835048316566211923e+00
-7.227397294176811648e+00
-7.540553036695405886e+00
-7.764403915266413492e+00
-8.044508030838954937e+00
-8.228158466009579897e+00
-8.315720899857797832e+00
-8.497853342241974417e+00
-8.594478545123529045e+00
-8.711439359553594386e+00
-8.815789670325367311e+00
-8.965090256356306853e+00
-9.191164168214710273e+00
-9.412384549106327825e+00
-9.771093239832252308e+00
-1.017849565697135006e+01
-1.073191420801884099e+01
-2.886781465622577425e+00
-2.495649449501639250e+00
-2.181368615680034928e+00
-2.463727202947158634e+00
-3.289110055693732271e+00
-4.068290348589221672e+00
-4.754032367713830531e+00
-5.371897775683343035e+00
-5.983457156219210482e+00
-6.410193852853477203e+00
-6.758790482881265937e+00
-7.019549248242770823e+00
-7.337794941935189996e+00
-7.560879508556182849e+00
-7.688635376447009229e+00
-7.910448577934815262e+00
-8.045530295515087360e+00
-8.198011593689896515e+00
-8.333301078158559250e+00
-8.506783239634390981e+00
-8.747861175531234323e+00
-8.972456515667415644e+00
-9.319592473782501330e+00
-9.697362051044448705e+00
-1.019895121824586148e+01
-2.971987180804756878e+00
-2.604112023355625194e+00
-2.305664728536263919e+00
-2.123003180934789125e+00
-2.400723977445579305e+00
-3.215752949615336753e+00
-3.933168380167558098e+00
-4.579990431910116122e+00
-5.218954144757621094e+00
-5.672923821923196108e+00
-6.049265360640541545e+00
-6.338944374402659676e+00
-6.687313029136311648e+00
-6.941980336068137802e+00
-7.102438970660024609e+00
-7.357019356312989089e+00
-7.524343698643407130e+00
-7.706989545839927125e+00
-7.868830428719975956e+00
-8.063179783664027767e+00
-8.317097320350196554e+00
-8.544094251154268349e+00
-8.879917414713752066e+00
-9.229549740766135102e+00
-9.682037243845911689e+00
-3.069140543376406960e+00
-2.718634562416837319e+00
-2.431692495306153834e+00
-2.253176938447420952e+00
-2.157601391190541840e+00
-2.467129834157861801e+00
-3.211406281287821241e+00
-3.881357896930312634e+00
-4.541100340172535610e+00
-5.015046604788028439e+00
-5.411389113165538944e+00
-5.721980748584882370e+00
-6.092434977726146172e+00
-6.370829575929604971e+00
-6.556508687472325292e+00
-6.836944673646510040e+00
-7.030307308920179743e+00
-7.237768951304335729e+00
-7.421778732451996596e+00
-7.633679880020449282e+00
-7.898263475772655084e+00
-8.126675587304502457e+00
-8.451426471446318089e+00
-8.774399124882661383e+00
-9.180500280213319542e+00
-3.246610730380225185e+00
-2.907589410422175558e+00
-2.627714002274138760e+00
-2.450406497315102960e+00
-2.349003311477448452e+00
-2.364864807454674533e+00
-2.658374731612150654e+00
-3.345205042822676944e+00
-4.018711163140845422e+00
-4.505175548713514999e+00
-4.913673800813486814e+00
-5.237121958837136049e+00
-5.621586857187121922e+00
-5.915836709650499792e+00
-6.119251857097729896e+00
-6.418624531964105984e+00
-6.631822581451345400e+00
-6.858752079439411453e+00
-7.060549256652952188e+00
-7.286683921642048922e+00
-7.559751941896767136e+00
-7.788582899072351573e+00
-8.102487753743549348e+00
-8.400264488713366617e+00
-8.762683141114704810e+00
-3.402240761357836263e+00
-3.068836823456546181e+00
-2.791572623363680616e+00
-2.612377861105024124e+00
-2.503456040751113054e+00
-2.505109441717277896e+00
-2.569081157513129376e+00
-2.870418556525116127e+00
-3.550372224329739534e+00
-4.041628042853499636e+00
-4.454276029165268547e+00
-4.782438151633444434e+00
-5.172773986249124434e+00
-5.474974038380160835e+00
-5.688627389013595881e+00
-6.000000459034509070e+00
-6.226824760940148806e+00
-6.467868809145270070e+00
-6.683068588106724661e+00
-6.920113287927587287e+00
-7.199475808682790579e+00
-7.427720773718053948e+00
-7.730994180489765277e+00
-8.005026887481541564e+00
-8.326455044610964862e+00
-3.459697787464476981e+00
-3.126070399360434848e+00
-2.846972709235779941e+00
-2.662770987862220107e+00
-2.544468825260853606e+00
-2.531349004082985132e+00
-2.574659719895143084e+00
-2.694116245207790694e+00
-3.060606977633761883e+00
-3.548684474885469342e+00
-3.957330338927037339e+00
-4.281964765307189502e+00
-4.669949090137892611e+00
-4.972145812504684237e+00
-5.188515018922561062e+00
-5.504923742608907489e+00
-5.739150720587297805e+00
-5.988943816694477285e+00
-6.213153091228026170e+00
-6.457775724789203586e+00
-6.741232831247731205e+00
-6.967878404356905087e+00
-7.260724026538307285e+00
-7.512453313105818431e+00
-7.795570196563268439e+00
-3.668620828458275529e+00
-3.328941924146488152e+00
-3.043576525459975368e+00
-2.851246452066964476e+00
-2.721666933523265719e+00
-2.693018714372131139e+00
-2.716054040603560704e+00
-2.810118133869168755e+00
-3.026957880761352637e+00
-3.276449259656613489e+00
-3.672887048607583971e+00
-3.985727596730693101e+00
-4.363096990022621746e+00
-4.657294900553444528e+00
-4.868830685376006606e+00
-5.183275151621089094e+00
-5.418659879549625913e+00
-5.671817290916503218e+00
-5.900628813964125641e+00
-6.149483947100454095e+00
-6.434822381615258102e+00
-6.658845128627064014e+00
-6.941454901786451082e+00
-7.172309674538523083e+00
-7.419780530945146779e+00
-3.880557499912793418e+00
-3.529016912523651239e+00
-3.232963332173709681e+00
-3.029391265897525276e+00
-2.886632135727285497e+00
-2.841661146479021127e+00
-2.844631803108047308e+00
-2.914493969995676004e+00
-3.102748502636012873e+00
-3.222627993092872511e+00
-3.452543036200744542e+00
-3.745399370326719879e+00
-4.104001142625032905e+00
-4.382237847231014172e+00
-4.581397961843695299e+00
-4.886864181546901165e+00
-5.117145794081256582e+00
-5.368263071277307397e+00
-5.597252384923292468e+00
-5.846977361169071408e+00
-6.131966857287577177e+00
-6.352331176091819742e+00
-6.624883618039081767e+00
-6.836280194933438636e+00
-7.050755329764704982e+00
-4.185374555327199708e+00
-3.816183458197538680e+00
-3.505039685301123420e+00
-3.287126801195148662e+00
-3.129293206477257616e+00
-3.067198525238583162e+00
-3.050280964161744990e+00
-3.096978432121624714e+00
-3.258526860005390269e+00
-3.348812387090240428e+00
-3.459257014937829222e+00
-3.650587210781111924e+00
-3.982470402110306562e+00
-4.236932072884829203e+00
-4.416257919796475306e+00
-4.705787359186397900e+00
-4.924722171638098445e+00
-5.168392780466866121e+00
-5.393124611720064188e+00
-5.640340497728947966e+00
-5.922732001364735765e+00
-6.138388242545448570e+00
-6.401046448991728255e+00
-6.594387519838093681e+00
-6.778501821416209161e+00
-4.386135385117083452e+00
-3.993515772838000188e+00
-3.662895218408616316e+00
-3.427559070984510736e+00
-3.252768038289818087e+00
-3.172751781229293577e+00
-3.136113558417730207e+00
-3.160646731940890852e+00
-3.297202000272825728e+00
-3.360234603523308383e+00
-3.441331688155789159e+00
-3.517044714965161134e+00
-3.801162492462808018e+00
-4.024235078866982285e+00
-4.176416731279644523e+00
-4.443193640727206351e+00
-4.644616778584458316e+00
-4.875478473776205135e+00
-5.091532968535076087e+00
-5.332858500768538512e+00
-5.610389562938784103e+00
-5.820274677735548075e+00
-6.073185376224776277e+00
-6.249859373892142855e+00
-6.406232660235294141e+00
-4.623492125781340611e+00
-4.201655537484022318e+00
-3.847174557488680424e+00
-3.591346202856169345e+00
-3.397728333809590939e+00
-3.299000437600670299e+00
-3.242809420716535662e+00
-3.246166865172602556e+00
-3.359396160648131069e+00
-3.397369581413169914e+00
-3.451751831208107024e+00
-3.499763603333663209e+00
-3.668498580900779071e+00
-3.884281482908699790e+00
-4.002205632317473061e+00
-4.239586041154564278e+00
-4.417458566388909880e+00
-4.630249229048717829e+00
-4.833268152881549540e+00
-5.065355012086666164e+00
-5.335771903834847230e+00
-5.538817813896913300e+00
-5.782115140866343594e+00
-5.943497466229226589e+00
-6.074736365093269974e+00
-4.959526261758058219e+00
-4.502649606767968216e+00
-4.119906553053169773e+00
-3.840519686888807627e+00
-3.626215583438455070e+00
-3.507994953537742155e+00
-3.432422750491323615e+00
-3.415589487826283133e+00
-3.507141549481635145e+00
-3.522208975357575156e+00
-3.552364875119887522e+00
-3.575384312797720732e+00
-3.718757052562692511e+00
-3.819028287654734566e+00
-3.955141499114373627e+00
-4.156681471145332374e+00
-4.305091992672658741e+00
-4.494665012138606919e+00
-4.680382845387015323e+00
-4.899955743771898575e+00
-5.161052803891999829e+00
-5.356207991981332128e+00
-5.590028573417729518e+00
-5.737487679872574908e+00
-5.846190308745680575e+00
-5.260652334746912295e+00
-4.762847343869462513e+00
-4.347400367533515997e+00
-4.041376317772857441e+00
-3.804529193615581839e+00
-3.666042515907144583e+00
-3.571265822386461508e+00
-3.535227653201367115e+00
-3.606744400195699640e+00
-3.601043968989355193e+00
-3.609425381570015023e+00
-3.610033005650758131e+00
-3.730664174224390450e+00
-3.809040893680879503e+00
-3.830614740259534745e+00
-4.060302991941699524e+00
-4.173524891450892227e+00
-4.334834175112456833e+00
-4.499070795016010038e+00
-4.702934625019132397e+00
-4.952577874401034030e+00
-5.138830763684183012e+00
-5.363338880869434000e+00
-5.498249059583338649e+00
-5.587012717922792859e+00
-5.579465551859169814e+00
-5.034720727725163769e+00
-4.582062302413938859e+00
-4.246294369615072561e+00
-3.985040783868165626e+00
-3.825519267676845026e+00
-3.711719327755901521e+00
-3.657464650950951413e+00
-3.710587149896442227e+00
-3.686251225687770638e+00
-3.675297601471890996e+00
-3.656045497308990200e+00
-3.756415578244218789e+00
-3.815189843242687839e+00
-3.818773450848710560e+00
-3.937101167657932610e+00
-4.074768863544477426e+00
-4.202893870884305549e+00
-4.341531147439298799e+00
-4.526550390550788450e+00
-4.762664340291153486e+00
-4.939041456540092412e+00
-5.154435317904110470e+00
-5.278183039371151075e+00
-5.349605657486593557e+00
-5.961403000900100224e+00
-5.363578252595745610e+00
-4.869092009736846194e+00
-4.500419450243335895e+00
-4.212872647442031493e+00
-4.031543423435142159e+00
-3.898901167404460910e+00
-3.827418408008321116e+00
-3.863786994150363974e+00
-3.822941789357124254e+00
-3.795083164686338328e+00
-3.758508312117765371e+00
-3.841055575061520067e+00
-3.882364007132754757e+00
-3.869652916648831820e+00
-3.973400112080783586e+00
-4.006550070856004453e+00
-4.143735329079508922e+00
-4.252722377341283000e+00
-4.415800348054789382e+00
-4.636352616251461889e+00
-4.801904774798241959e+00
-5.008398523688278203e+00
-5.122369136439216319e+00
-5.179035650300433780e+00
-6.308173938679920489e+00
-5.651165126707585529e+00
-5.110135036562517108e+00
-4.705319519211647261e+00
-4.389553526818506413e+00
-4.185630637428310763e+00
-4.034321486104412102e+00
-3.946596515407764461e+00
-3.967851156204156737e+00
-3.912616748916991849e+00
-3.870275989516656523e+00
-3.818906772517993709e+00
-3.886052951661500110e+00
-3.911995234390359677e+00
-3.884543413758540176e+00
-3.974615749706211787e+00
-3.996550428899744212e+00
-4.039610289227415940e+00
-4.134069537048564058e+00
-4.272095789977129243e+00
-4.475071697902184731e+00
-4.628865159196550394e+00
-4.826684216456651910e+00
-4.932254324348437358e+00
-4.976728112435655049e+00
-6.745420112845175176e+00
-6.023267122350842939e+00
-5.430993895315942233e+00
-4.986729292696548299e+00
-4.640764693929233076e+00
-4.413438217221701265e+00
-4.243625255712950128e+00
-4.140637117685437296e+00
-4.148415474547954673e+00
-4.080903263334358932e+00
-4.026494214469145128e+00
-3.962849464736183602e+00
-4.017005519165556926e+00
-4.029663465310875381e+00
-3.988988518043135034e+00
-4.066120654080467745e+00
-4.076646532820985769e+00
-4.110601221958897433e+00
-4.125623763079121709e+00
-4.221129567325886178e+00
-4.404427676960608551e+00
-4.545511053363301635e+00
-4.734886813199326028e+00
-4.833421406409494914e+00
-4.868240770219011360e+00
-7.152642354889727550e+00
-6.359474128690237649e+00
-5.711363013752083440e+00
-5.224347544507250696e+00
-4.846164863220219665e+00
-4.594595788466520503e+00
-4.406424446002117357e+00
-4.289141443674286513e+00
-4.285076511375955022e+00
-4.207386825388787166e+00
-4.143312157438839627e+00
-4.069899172795487630e+00
-4.113466635217845280e+00
-4.114909230107824278e+00
-4.062511009678170915e+00
-4.127392186641481331e+00
-4.126143549646566377e+00
-4.149434747875294427e+00
-4.155989579092323360e+00
-4.191712502050142675e+00
-4.304196770494614022e+00
-4.431439385096359374e+00
-4.612571276106751661e+00
-4.705410783720409107e+00
-4.733081302272637458e+00
-7.603393070762881401e+00
-6.733356170665084406e+00
-6.024893649014670949e+00
-5.491888169997156233e+00
-5.079472508660495045e+00
-4.802803160013659145e+00
-4.596401379740867377e+00
-4.465778711032813320e+00
-4.451496366689319473e+00
-4.365716444909753413e+00
-4.294365255835347561e+00
-4.213676879779472806e+00
-4.249046602057113375e+00
-4.241329508411663340e+00
-4.178692327218195501e+00
-4.231987912423035070e+00
-4.218549543394673584e+00
-4.229433269952380670e+00
-4.224266995546848591e+00
-4.249849584034431693e+00
-4.328939101620701280e+00
-4.360542968859462576e+00
-4.533411287236384979e+00
-4.621829325292123869e+00
-4.644809022749788241e+00
-8.053597141830627137e+00
-7.100823710176882742e+00
-6.327524126678802041e+00
-5.745346076100624977e+00
-5.296721791202982033e+00
-4.994100326294717895e+00
-4.769589843770289050e+00
-4.626573071015277705e+00
-4.603691052246198900e+00
-4.511896332049999181e+00
-4.435644325933756349e+00
-4.350158322662573518e+00
-4.379708983901005048e+00
-4.364873662597200443e+00
-4.293466834432674517e+00
-4.335824284936404815e+00
-4.309755080473945732e+00
-4.306432187648674415e+00
-4.286111390743437610e+00
-4.296288145784783907e+00
-4.360683426138775687e+00
-4.395473674696757094e+00
-4.453680634693276019e+00
-4.538661321697571083e+00
-4.559322260100811874e+00
-8.590397291609676245e+00
-7.548997903222996797e+00
-6.706372627069383086e+00
-6.071862812331351833e+00
-5.585090284244254910e+00
-5.255684577667472546e+00
-5.013192661769112490e+00
-4.858723519079318542e+00
-4.828851508910180890e+00
-4.733108268893232662e+00
-4.654319088669637061e+00
-4.566498573641011305e+00
-4.592594247130342922e+00
-4.572665923612713179e+00
-4.493942243022249095e+00
-4.525990231114398910e+00
-4.486827577121884403e+00
-4.467465390369099509e+00
-4.428493993522012673e+00
-4.417820573710574017e+00
-4.459881307958506014e+00
-4.471974110372243238e+00
-4.585274003595815273e+00
-4.543276492064482142e+00
-4.563701997136745625e+00
-9.111458325325759944e+00
-7.975525029191017801e+00
-7.059070852352003378e+00
-6.369067394505980140e+00
-5.842221683001762145e+00
-5.485216020683250981e+00
-5.224879484075385605e+00
-5.059900046587052280e+00
-5.024640305464989076e+00
-4.927008319461455343e+00
-4.848035536012852198e+00
-4.760330605204352139e+00
-4.785318460262939055e+00
-4.762304519090783117e+00
-4.677699310639550134e+00
-4.700045376133734187e+00
-4.647306033777435452e+00
-4.610044787933838428e+00
-4.548888399636616064e+00
-4.511845555401435170e+00
-4.523758848843762337e+00
-4.502628680923381310e+00
-4.580854297705878153e+00
-4.670358521222134129e+00
-4.555710294945104266e+00
