5.492385326957595071e-01 1.846018769513795010e-02 2.975259741483658615e+01
-1.806541522457232984e+00 3.329094898155741666e-01 -5.426524559146765014e+00
-4.748220129547354951e+00 2.280400613722637360e-01 -2.082186831986564002e+01
1.161633439075406976e-01 6.197705116834139466e-02 1.874296077624265866e+00
-2.451245356086959593e+00 2.974478693126254014e-01 -8.240924239099649995e+00
-5.747172612787507240e-02 3.005147514226368943e-01 -1.912442762154067666e-01
-2.115302330954665244e+00 5.705613840408680915e-01 -3.707405355710422068e+00
3.511065256126154832e+00 5.835619731283349099e-01 6.016610776237151903e+00
-5.949279606315019953e-01 4.691298954413416489e-01 -1.268151883758790843e+00
-9.133922692196296822e-01 4.938870373242518763e-01 -1.849395104937649581e+00
-3.277681454487952339e-01 1.363535605055583022e-01 -2.403810683296635275e+00
8.373051807169989980e-01 1.581845700137510524e-01 5.293216529552861260e+00
-8.980719393079470425e-01 1.862050662503284548e-01 -4.823026340758131525e+00
1.761428031507673297e-01 2.115537902316628194e-01 8.326147357505694346e-01
4.611556338168741220e+00 6.679162828384833661e-01 6.904392746005139081e+00
-5.181737026339781949e+00 6.853674896232806457e-01 -7.560523521750320164e+00
2.370969723137207108e+00 8.645894750668673412e-01 2.742306946257744293e+00
-1.255017749792629367e+00 8.774085933707460594e-01 -1.430368655236461617e+00
4.636631842085056632e-01 5.098479465840490832e-01 9.094146349220810777e-01
-2.012886005091390373e+00 5.363813900742281371e-01 -3.752714099221140742e+00
-1.570771204402687526e-01 1.154455061897243645e-01 -1.360617018579541426e+00
7.222438339090482273e-01 1.465624565235265631e-01 4.927891160128800685e+00
-2.386453782805803225e+00 1.659175802544591016e-01 -1.438336901457834749e+01
1.540055698512865057e+00 1.602682776641475570e-01 9.609235969579398073e+00
-1.783690914961284069e+00 3.227427206140962013e-01 -5.526665052483228813e+00
2.169691079774491271e+00 3.589843866543157569e-01 6.043970602720938778e+00
-7.312233526682154761e-01 3.246694748097441185e-01 -2.252208505578515929e+00
1.193533695800490069e+00 3.483533507853095457e-01 3.426215631656334804e+00
1.509729806170814204e-01 1.578465576287628180e-01 9.564540582009569691e-01
-7.001767317706472094e-01 1.774265768834101809e-01 -3.946290032021214422e+00
7.324872771744880828e-02 3.347226835415596097e-02 2.188340716632493965e+00
1.421759354233446092e-02 3.819919374877481927e-02 3.721961682186150644e-01
