5.925411510364100159e-02
5.151179219385260133e-02
4.497760714647578567e-02
3.677455102472601545e-02
3.069387392431186662e-02
2.378977711555165311e-02
1.927369212122376219e-02
1.539398529543136752e-02
1.049008888275758042e-02
9.608884579593045261e-03
9.184628983053834753e-03
9.523984160170105573e-03
7.712549662781940409e-03
7.175125391526870899e-03
7.818999465033910773e-03
6.517965295189808057e-03
6.533676340230615796e-03
6.313756283600051658e-03
6.555362061449827339e-03
6.612068629969123333e-03
6.246881342111696746e-03
6.925413105898397745e-03
6.779194847124721604e-03
7.487851777761515143e-03
7.827475103612275414e-03
