7.598515132866831556e-02
6.860453025703958096e-02
5.786267595292420712e-02
4.480630165991460884e-02
3.455279913898245264e-02
2.659217699019709655e-02
2.340010654475481802e-02
1.924069638833476523e-02
1.275087646196531796e-02
1.107534893312620179e-02
9.438081782179674403e-03
9.399984025583991640e-03
7.440625540108928258e-03
6.165128862300084389e-03
6.041332339323233526e-03
5.386998856875620419e-03
4.843751728788336409e-03
4.803281584856274912e-03
4.320163514644895404e-03
4.524701644603000214e-03
4.339125257385895683e-03
4.415664314081167892e-03
4.363991760294384098e-03
5.008160090675037139e-03
5.420195315791117262e-03
