5.492385326957595071e-01
-1.806541522457232984e+00
-4.748220129547354951e+00
1.161633439075406976e-01
-2.451245356086959593e+00
-5.747172612787507240e-02
-2.115302330954665244e+00
3.511065256126154832e+00
-5.949279606315019953e-01
-9.133922692196296822e-01
-3.277681454487952339e-01
8.373051807169989980e-01
-8.980719393079470425e-01
1.761428031507673297e-01
4.611556338168741220e+00
-5.181737026339781949e+00
2.370969723137207108e+00
-1.255017749792629367e+00
4.636631842085056632e-01
-2.012886005091390373e+00
-1.570771204402687526e-01
7.222438339090482273e-01
-2.386453782805803225e+00
1.540055698512865057e+00
-1.783690914961284069e+00
2.169691079774491271e+00
-7.312233526682154761e-01
1.193533695800490069e+00
1.509729806170814204e-01
-7.001767317706472094e-01
7.324872771744880828e-02
1.421759354233446092e-02
