5.654461600463792648e-01 1.360729009239045884e-01
-8.722998088363610236e+00 7.618171335480491413e-01
9.019857020231377698e-01 5.929347629537802256e-01
-1.123636367182294649e+01 1.238201660030364692e+00
4.046816528682210645e+00 3.361151122508395428e+00
-1.033560359415665886e+01 9.812705208514429511e-01
4.408992220673849438e+00 3.147242335494592758e-01
-1.166909229511685853e+00 1.362899112151943204e-01
3.691596740130666632e+00 3.078536873036087140e+00
-1.528949512627699736e+00 1.993198220150175781e-01
4.598598012076963393e+00 8.487211537546104356e-01
8.797272522559029806e-01 1.416424864307396225e-01
1.272861960867209818e+00 1.222315103028220745e-01
-4.709270342608641857e-01 7.506123736540838698e-02
-4.926316831352461900e-01 4.707118017007731747e-02
2.057105391097470104e+01 2.060157697111745900e+00
-1.303460356032372047e+01 1.367641582751207840e+00
-1.320360390495976155e+01 1.881141171098371867e+00
7.961516460625606584e+00 1.192058857754028089e+00
4.795901056165432941e+00 1.138700795082142392e+00
-3.059571861210642396e+00 7.397214941021568180e-01
-7.342873568379927329e-01 4.159181468068156029e-01
6.416547163517408725e-01 2.496666169608929287e-01
1.003644865592482027e+01 1.235620832863605134e+00
-8.948092437634372232e+00 1.065136584560756106e+00
-4.361735717363376175e+00 1.051195623412505498e+00
3.840111596308961595e+00 7.944847726507096031e-01
8.425242496958231797e-01 5.121966593994824457e-01
-7.827678519070953023e-01 3.476587349535765203e-01
8.120229971292737547e-02 8.343462846463380045e-02
-4.642088951803832741e-02 6.592044884825587481e-02
