7.584361954514706738e-02
6.872172184882298362e-02
5.804004283884386245e-02
4.487718224516858145e-02
3.448454809773290886e-02
2.642533094215067033e-02
2.336309240644606280e-02
1.926824522855717994e-02
1.263549710777429544e-02
1.106386102705634797e-02
9.474940486433673995e-03
9.559616489051629001e-03
7.528616753997428857e-03
6.206825495703393279e-03
6.102969606084136626e-03
5.409325754475763533e-03
4.829377439765690158e-03
4.772486746280457832e-03
4.243225381812444283e-03
4.439117172354789531e-03
4.234880296442717490e-03
4.320806864505291958e-03
4.301647977694856954e-03
5.055897394761641947e-03
5.622687137682368455e-03
