5.663389944117213082e-01
-8.728038449274874822e+00
9.239019261978344000e-01
-1.124393369576957902e+01
4.151259914504540127e+00
-1.034150094012006349e+01
4.375785844444684436e+00
-1.166873630589484012e+00
3.563019493268246407e+00
-1.530073500462834080e+00
4.648030699610048444e+00
8.801247108579055567e-01
1.273598688380382926e+00
-4.710975368663106733e-01
-4.929254188445918450e-01
2.058263078169979110e+01
-1.304196277313971919e+01
-1.321017405845750226e+01
7.965438119372175052e+00
4.797821102218641443e+00
-3.060728551519616758e+00
-7.345777473739081298e-01
6.419518664260360774e-01
1.004198816671099159e+01
-8.952954707222053443e+00
-4.363641727540096049e+00
3.841781089872325694e+00
8.427145713074254418e-01
-7.829985339220280061e-01
8.134152042893168233e-02
-4.655549749244194957e-02
