5.942398057723542043e-02
5.129011395626460051e-02
4.485821400831036670e-02
3.688861455269595163e-02
3.079933745873020615e-02
2.387703606980788942e-02
1.924064384659651336e-02
1.531741654672365109e-02
1.054885157410361332e-02
9.603293591100731455e-03
9.147488583969779277e-03
9.441282352652650631e-03
7.709846199164674570e-03
7.187801022731614940e-03
7.804378360317361721e-03
6.551371773406523130e-03
6.553273329239561913e-03
6.334052925171532872e-03
6.550549232471632351e-03
6.594611842616517582e-03
6.238226675978524385e-03
6.897963794161111016e-03
6.762877896621361830e-03
7.476440365639384217e-03
7.829388950229779903e-03
