5.931725916112921132e-02
5.136162148620074946e-02
4.499402234868817713e-02
3.695270127488732570e-02
3.064920839483761816e-02
2.374957257405981015e-02
1.915756108359371185e-02
1.529957505531449879e-02
1.067158635309164473e-02
9.684866685453654214e-03
9.181691128514917963e-03
9.419439102769031069e-03
7.724997149486949669e-03
7.197989434502402931e-03
7.770591290071238166e-03
6.544439924155798748e-03
6.542180425128879886e-03
6.324020551372210551e-03
6.545517860207684425e-03
6.599952247689684810e-03
6.255713753176814738e-03
6.920043702878814033e-03
6.790730708691637522e-03
7.490795791408548683e-03
7.820931899179889984e-03
