7.613481753069616109e-02
6.821177386255269925e-02
5.795897100687374265e-02
4.517479515962395664e-02
3.457852433126220454e-02
2.581250722028757827e-02
2.346718176542770401e-02
1.955146915885007733e-02
1.271194738549751360e-02
1.121905598094901160e-02
9.736842167077298937e-03
9.650152256592995498e-03
7.429444817275692760e-03
6.033192061941280819e-03
5.931615202693583597e-03
5.258817794870997847e-03
4.714560111377508363e-03
4.718132485232390608e-03
4.235535736925036959e-03
4.495803193039372286e-03
4.322862640498726337e-03
4.426976618720310230e-03
4.382518225388870071e-03
5.084351705893488602e-03
5.523711385763934410e-03
