2.384955913127770333e-02
2.651614396872944646e+00
9.688296169228288734e-01
5.107340801163768873e-01
-8.799926068474217544e+00
-1.855086107710658128e-01
-1.088397451208446665e+00
-2.455883115597165656e+00
4.473520820974915546e-01
1.830648983874237246e+00
2.131403396631887937e+00
-4.879744395067444174e+00
4.320354503247290090e-01
5.210886613181233695e-01
-4.459674505610864426e-01
2.618602134466570863e+00
8.831349995117976359e-01
-1.729547547881860395e-02
-2.309608530087761125e+00
4.101782226740427362e+00
-1.583287290152930238e+00
-1.097276211584246708e+00
-2.946130257291649235e-01
1.289118524983405178e+00
-3.627623277679905556e-01
-1.774154106627661154e+00
4.163622132370571327e-01
5.733270855046262993e-01
8.394899805054351072e-01
2.308509351135756837e-01
2.357787135910158760e-01
-1.196142318182733311e+00
1.370197631457593067e-02
1.209522292392143789e-01
