-3.507199216155154176e+00
-4.363631019052400362e+00
-5.172427997829062818e+00
-5.963324378442302454e+00
-6.697298728129604584e+00
-7.404564899717875015e+00
-8.033251594697080833e+00
-8.603911818203629380e+00
-9.171889978345024730e+00
-9.559817702213747381e+00
-9.868251782769775104e+00
-1.008597460686141112e+01
-1.035304063855767787e+01
-1.052011176081776078e+01
-1.058696059847460447e+01
-1.073854850064513577e+01
-1.080013196649272622e+01
-1.087481407392209221e+01
-1.093149759578786373e+01
-1.102741434839879808e+01
-1.119512300958461637e+01
-1.135682902487750034e+01
-1.165349913736237397e+01
-1.200053436810405749e+01
-1.249347544690028045e+01
-3.951223213078422614e+00
-4.190149023314539534e+00
-5.012325669584817511e+00
-5.810332278698344233e+00
-6.547951532110138473e+00
-7.254348743667527799e+00
-7.882619725739137273e+00
-8.453251876851986424e+00
-9.017276419324124603e+00
-9.412309992531710634e+00
-9.731204103705849207e+00
-9.967014429474687631e+00
-1.024590964523066638e+01
-1.043509827633588749e+01
-1.053531922105765162e+01
-1.070931583913792906e+01
-1.080347183642179942e+01
-1.090655589375755596e+01
-1.099068455975278802e+01
-1.110440016870465740e+01
-1.127360262723289708e+01
-1.142747211921084194e+01
-1.168241247198817234e+01
-1.195451870929057847e+01
-1.228365976473079613e+01
-4.377221209653474610e+00
-4.255356695751371099e+00
-4.488049916455922883e+00
-5.298200217319579686e+00
-6.049789223650228642e+00
-6.767963559932024253e+00
-7.405640650349716303e+00
-7.984044606284699697e+00
-8.554936282157946437e+00
-8.959162901692659275e+00
-9.289390311787954602e+00
-9.539777505321243467e+00
-9.835247123840712646e+00
-1.004484673275374185e+01
-1.016909223750478120e+01
-1.036766268171673211e+01
-1.048857291575155770e+01
-1.061775187959658062e+01
-1.072637385894979367e+01
-1.086010285207262349e+01
-1.104181433385640965e+01
-1.119961903986367879e+01
-1.144321497760410722e+01
-1.168580766446495289e+01
-1.195236012259769076e+01
-4.678715967059210001e+00
-4.534545257694325926e+00
-4.421991046094404076e+00
-4.678710253596992885e+00
-5.446368229382290593e+00
-6.181494389669217604e+00
-6.834953189449606725e+00
-7.426599402140108275e+00
-8.008639650922225073e+00
-8.423831681460185905e+00
-8.765577865928177559e+00
-9.029138604979619842e+00
-9.339662610813430632e+00
-9.566950157110436948e+00
-9.711415485207933074e+00
-9.931701877735266137e+00
-1.007576290273584263e+01
-1.022795626970920679e+01
-1.035824386614626214e+01
-1.051015873806059808e+01
-1.070410468442254448e+01
-1.086640389139295948e+01
-1.110236431852940520e+01
-1.132257455645329358e+01
-1.154506219805636569e+01
-4.928456659626861303e+00
-4.765412790022757861e+00
-4.625426957341201017e+00
-4.578836574943045967e+00
-4.828629948648172743e+00
-5.581556038438334255e+00
-6.252570320828287898e+00
-6.860458555056295538e+00
-7.456299395605276992e+00
-7.883738065427974284e+00
-8.236917673700565601e+00
-8.512290299340371291e+00
-8.835768550605573424e+00
-9.077850634395156604e+00
-9.239069006107342830e+00
-9.477726155001448660e+00
-9.641417168499122781e+00
-9.813405700582466196e+00
-9.962469979879429616e+00
-1.013033710017492517e+01
-1.033520297230077212e+01
-1.050144992120035781e+01
-1.073082262588211400e+01
-1.093147464400231428e+01
-1.111724632841730731e+01
-5.138970637720134071e+00
-4.959069401631500895e+00
-4.796248783014375405e+00
-4.720576207588091044e+00
-4.713918415073025336e+00
-4.991885008171141003e+00
-5.680269223450204130e+00
-6.304037697850292332e+00
-6.914140454166568972e+00
-7.354155261174146752e+00
-7.718202811089016180e+00
-8.003814092661869495e+00
-8.337859034036782191e+00
-8.591700751307909556e+00
-8.766208494153122643e+00
-9.019692524763799568e+00
-9.199446779822942233e+00
-9.387919448041971648e+00
-9.552812602086190097e+00
-9.734260589791544405e+00
-9.948438152416763103e+00
-1.011778433157330070e+01
-1.034090947649993097e+01
-1.052365672168123290e+01
-1.067689653501031621e+01
-5.287004857851888673e+00
-5.089551358025647509e+00
-4.905327868455523266e+00
-4.804569138369902959e+00
-4.768419979442121814e+00
-4.830808920352533065e+00
-5.097294850115623888e+00
-5.736872120126268904e+00
-6.360010525863069475e+00
-6.811629567307407207e+00
-7.185278108832712896e+00
-7.479118175506229704e+00
-7.821247517519900327e+00
-8.083723592051565987e+00
-8.267903044135429980e+00
-8.532809084704746638e+00
-8.725089773275842120e+00
-8.926882443205805373e+00
-9.104814710124740529e+00
-9.297760010563584032e+00
-9.520148901563510790e+00
-9.692217275454849457e+00
-9.910387854521825801e+00
-1.007817002216524571e+01
-1.020619774267510493e+01
-5.382766732944627819e+00
-5.169219938695163385e+00
-4.965525775097646921e+00
-4.842187294496232752e+00
-4.780679262317369727e+00
-4.813950064689032970e+00
-4.897161547032412798e+00
-5.175348506801504378e+00
-5.810645230970539643e+00
-6.271771680839223428e+00
-6.652874709656837027e+00
-6.952463559455501318e+00
-7.299602066858034810e+00
-7.567271815089894105e+00
-7.757443048365475491e+00
-8.029936459126984616e+00
-8.231020665917492707e+00
-8.442674034261013816e+00
-8.630603894404870857e+00
-8.832565895874848749e+00
-9.061385495187639805e+00
-9.235155813786743551e+00
-9.448286107361587582e+00
-9.601951304510663476e+00
-9.706645799332573432e+00
-5.350390475691951586e+00
-5.121927444858396683e+00
-4.900419488134826196e+00
-4.756462862562046645e+00
-4.671924894985853172e+00
-4.679872792773698720e+00
-4.735117393958697463e+00
-4.853160882539432563e+00
-5.191953495315996037e+00
-5.660639362512998041e+00
-6.046765829821524108e+00
-6.349235557844333577e+00
-6.698009558726143453e+00
-6.967208330707917341e+00
-7.159523585872428875e+00
-7.435652370457894733e+00
-7.641720076904134018e+00
-7.859707028367278525e+00
-8.054546646742849703e+00
-8.263027942037700413e+00
-8.496518401479860927e+00
-8.671003148111497083e+00
-8.879087681221697892e+00
-9.019581019629566043e+00
-9.103048872142988301e+00
-5.437348899127214530e+00
-5.194586878494304116e+00
-4.956613209356421024e+00
-4.793703055060286822e+00
-4.687953875328494391e+00
-4.672709000670959512e+00
-4.703216820315510027e+00
-4.794613763517493688e+00
-4.989245758304152289e+00
-5.224986231508802703e+00
-5.614289809276657550e+00
-5.917034483155534375e+00
-6.264177663608582414e+00
-6.531174433550838820e+00
-6.721680708965199535e+00
-6.997440229821728863e+00
-7.204604760094461824e+00
-7.425361291105051720e+00
-7.624001371550579442e+00
-7.836520238497116431e+00
-8.072991059855388229e+00
-8.247274213214504712e+00
-8.450457236507878278e+00
-8.578898340463886996e+00
-8.643653311373668657e+00
-5.490843572674783957e+00
-5.233142913066382462e+00
-4.979427832710497270e+00
-4.798844502022419967e+00
-4.673364238520526293e+00
-4.636579347324611078e+00
-4.644172133118576795e+00
-4.711717174711592016e+00
-4.881197332623179896e+00
-4.985465489247311588e+00
-5.198824643995332728e+00
-5.499856080439459838e+00
-5.842978450727538409e+00
-6.104419510633792179e+00
-6.289285038502762326e+00
-6.560852001018192325e+00
-6.765283574822732682e+00
-6.985322175960649638e+00
-7.184720208472775482e+00
-7.398911262795046184e+00
-7.636875467486580860e+00
-7.810217178499979873e+00
-8.008969169335610871e+00
-8.126840846532273233e+00
-8.176214800129823601e+00
-5.695534775486733814e+00
-5.429441189444195182e+00
-5.163989005065594107e+00
-4.968762491000049408e+00
-4.826130408539535566e+00
-4.769922092578966932e+00
-4.756508936557062306e+00
-4.802007927878054971e+00
-4.948781986157298363e+00
-5.030248462628735595e+00
-5.123327695283748540e+00
-5.294036655644720923e+00
-5.630025750640529125e+00
-5.882413721259326600e+00
-6.057959074543721734e+00
-6.320842804224503730e+00
-6.518359578964536993e+00
-6.733495594619564706e+00
-6.929907700912184332e+00
-7.142344156085413509e+00
-7.378651091523446226e+00
-7.548894907729334136e+00
-7.741059428576968493e+00
-7.846655215918626247e+00
-7.876551861977932667e+00
-5.779417009121250892e+00
-5.506564518573645373e+00
-5.231125199341733811e+00
-5.023068247207221226e+00
-4.865079630712083159e+00
-4.791152191106021974e+00
-4.758306174893299101e+00
-4.783203899541409676e+00
-4.908783839333253241e+00
-4.969538382110039620e+00
-5.042490121285510440e+00
-5.105142854095557681e+00
-5.344763361932785450e+00
-5.584985159476302030e+00
-5.747852991565507885e+00
-5.998558267818745904e+00
-6.185498111155697920e+00
-6.392201037981499745e+00
-6.582436095020059774e+00
-6.790445143827737340e+00
-7.023099895553817085e+00
-7.189081832877077360e+00
-7.374401705978613997e+00
-7.468436814314284078e+00
-7.480566572884842280e+00
-5.881662703224404432e+00
-5.603598684096811944e+00
-5.319869140794430962e+00
-5.100760469000844566e+00
-4.929187565132208348e+00
-4.839221186913633233e+00
-4.788474250911600727e+00
-4.794114083311090013e+00
-4.899688474694540830e+00
-4.940828895705693391e+00
-4.995205462491856707e+00
-5.040881468437280688e+00
-5.186024976503219364e+00
-5.350180933161984065e+00
-5.496880229583234190e+00
-5.732215369886360712e+00
-5.905195641567570597e+00
-6.100197644778778461e+00
-6.281253079163369613e+00
-6.482296870601416572e+00
-6.709390193799247726e+00
-6.869983510720399700e+00
-7.048224967440755329e+00
-7.131431611966145390e+00
-7.127547773834115752e+00
-6.065122993478897939e+00
-5.783283416894227535e+00
-5.492886206844005414e+00
-5.264454011693998403e+00
-5.081036614576762922e+00
-4.976690129797880502e+00
-4.909551345142443957e+00
-4.897231972811791678e+00
-4.983862284798858511e+00
-5.006216528551171052e+00
-5.042666149856191105e+00
-5.072238134536241283e+00
-5.203415351290949786e+00
-5.287661587206724967e+00
-5.366875941768254776e+00
-5.583485129751462495e+00
-5.739253262884071560e+00
-5.919511331783967378e+00
-6.088603396295825476e+00
-6.280345680002880293e+00
-6.500130024238996995e+00
-6.654292231100781052e+00
-6.825279879135623951e+00
-6.898416387130749783e+00
-6.880295129893376327e+00
-6.196186902815624009e+00
-5.911853016834635710e+00
-5.616323877655625907e+00
-5.380238992142620802e+00
-5.186678348207383493e+00
-5.069589249437868261e+00
-4.987553556867774240e+00
-4.958556125217148391e+00
-5.027254288068030874e+00
-5.031557525291789013e+00
-5.050503013437712241e+00
-5.064116785910334428e+00
-5.181758760891471915e+00
-5.255731277931303680e+00
-5.268045669023297073e+00
-5.417930745254516012e+00
-5.552919972988716424e+00
-5.715426470140336335e+00
-5.869905010002327117e+00
-6.050192022245803436e+00
-6.261111268382755668e+00
-6.407919481308495868e+00
-6.571572152404605127e+00
-6.635428033834516626e+00
-6.604823412091102242e+00
-6.327410530485526152e+00
-6.041621769360877359e+00
-5.742360398770496310e+00
-5.500212113163202687e+00
-5.298155845124930430e+00
-5.169932355885702435e+00
-5.074477904173671838e+00
-5.030071834768159889e+00
-5.081825909227107196e+00
-5.068772742962051048e+00
-5.070550676486444530e+00
-5.068159532693522706e+00
-5.171956094512763613e+00
-5.235403641781151585e+00
-5.241490872731320749e+00
-5.333150549824725140e+00
-5.397933829108526815e+00
-5.539310407330301445e+00
-5.676488384224752437e+00
-5.843248584985007099e+00
-6.043889000722420413e+00
-6.182528499041291425e+00
-6.338863788489310203e+00
-6.394249410645641341e+00
-6.352834783723073642e+00
-6.504374864516546673e+00
-6.217923934572167077e+00
-5.916147511455625008e+00
-5.669404685187691584e+00
-5.460417702208781421e+00
-5.322621193366408932e+00
-5.215198035222492479e+00
-5.156637976245622923e+00
-5.192423700553510102e+00
-5.162686817080018642e+00
-5.147593379052558760e+00
-5.129072291783160153e+00
-5.218492112130511451e+00
-5.270503802982662300e+00
-5.269301236365669716e+00
-5.358487576886248327e+00
-5.366729492745831109e+00
-5.435915035801225592e+00
-5.552684601493833583e+00
-5.703772551347660702e+00
-5.892767849357109178e+00
-6.022483129005156144e+00
-6.171585734323947747e+00
-6.219309408111233672e+00
-6.168637746720720294e+00
-6.628217000546415605e+00
-6.341826661502795837e+00
-6.038619303690006213e+00
-5.788615672864581896e+00
-5.574152495691447662e+00
-5.428275767831968857e+00
-5.310288953419088465e+00
-5.238806281918242824e+00
-5.259592225617527816e+00
-5.213828450061437358e+00
-5.182139366570699401e+00
-5.147328252152219896e+00
-5.221750555455485276e+00
-5.261227869744497632e+00
-5.251139336289912585e+00
-5.336294574685829240e+00
-5.346256616253853622e+00
-5.350670511746836944e+00
-5.398959562109425292e+00
-5.531809998118248473e+00
-5.707703992220853451e+00
-5.827733165334338494e+00
-5.969712015664010885e+00
-6.010560957849743424e+00
-5.952063758331783028e+00
-6.824681341575003835e+00
-6.539214094839890912e+00
-6.235686083984373518e+00
-5.983676431053003064e+00
-5.765080339511459151e+00
-5.612529414263534910e+00
-5.485317596859115241e+00
-5.402104558149848579e+00
-5.408849012287789471e+00
-5.347692745314246210e+00
-5.299665059603658079e+00
-5.248380510644586217e+00
-5.307139765486101446e+00
-5.332897172665611585e+00
-5.312160407321723454e+00
-5.391138206833167246e+00
-5.400491789899917627e+00
-5.410725494376073641e+00
-5.375625948172283231e+00
-5.452735636663725849e+00
-5.613703726640180136e+00
-5.723186695741908636e+00
-5.858127697231989117e+00
-5.892859107106783512e+00
-5.827876358977803761e+00
-6.972565556486251204e+00
-6.689093617486653542e+00
-6.386518186153694820e+00
-6.133796599281338580e+00
-5.912359489101286059e+00
-5.754464453498865595e+00
-5.619289931968685536e+00
-5.525484222515045118e+00
-5.519127016397107788e+00
-5.443177594960264543e+00
-5.379042795302644286e+00
-5.311077802834833328e+00
-5.353482179137892594e+00
-5.364281919867154080e+00
-5.331049945828003622e+00
-5.401503859469424462e+00
-5.407326201948476019e+00
-5.420449906896081416e+00
-5.395412928139771580e+00
-5.362636716303604167e+00
-5.489420137166785452e+00
-5.587238897489577027e+00
-5.715141111969696652e+00
-5.744477084333783345e+00
-5.674311758122822624e+00
-7.145184554843616809e+00
-6.864947266920692570e+00
-6.564778924591833764e+00
-6.312763947916034013e+00
-6.089817493455587538e+00
-5.927881891815740545e+00
-5.785949401703100570e+00
-5.682631645935780185e+00
-5.664084732954791868e+00
-5.573894510088888588e+00
-5.493847625010467084e+00
-5.408964350779622343e+00
-5.434299985292923019e+00
-5.428863277763665174e+00
-5.381228984825868089e+00
-5.440695867609996128e+00
-5.439851822552133953e+00
-5.452222853576495609e+00
-5.433601229097401841e+00
-5.415118323922500920e+00
-5.405683308414207744e+00
-5.493194403628367084e+00
-5.613904396098253535e+00
-5.638526043859497960e+00
-5.564510585085273853e+00
-7.298181959314984368e+00
-7.022522905480290234e+00
-6.726344048381619700e+00
-6.476584834363412035e+00
-6.253556635833086297e+00
-6.088915593302261620e+00
-5.941415736630447419e+00
-5.829627815350528763e+00
-5.799772123401742974e+00
-5.695844454343154339e+00
-5.600036432195594216e+00
-5.497958028833478394e+00
-5.505486030551291599e+00
-5.482495045627377550e+00
-5.418499371476329429e+00
-5.464425478862853680e+00
-5.453646180833054302e+00
-5.461357347819286723e+00
-5.444646912761421653e+00
-5.436163586824667604e+00
-5.445218466122837775e+00
-5.384042898963670609e+00
-5.510262904620565116e+00
-5.530778290501601191e+00
-5.454304221087421745e+00
-7.518786659316249121e+00
-7.249109777458224713e+00
-6.958574136982210945e+00
-6.712714469294754238e+00
-6.491131705486745673e+00
-6.325185024246737342e+00
-6.173337753624600133e+00
-6.054115660414658429e+00
-6.013809597485956893e+00
-5.896613674970168084e+00
-5.785156919065778780e+00
-5.665568927840024749e+00
-5.654522824629419020e+00
-5.612624067357400826e+00
-5.530265826221436143e+00
-5.560021627490798757e+00
-5.535937160731090323e+00
-5.534916502535680571e+00
-5.515317582419644538e+00
-5.511518882972524125e+00
-5.534284051875323129e+00
-5.496376862560874876e+00
-5.499977903843991989e+00
-5.509467853521104352e+00
-5.431701510636034236e+00
-7.704804428242090886e+00
-7.442548246481694996e+00
-7.159343670524919823e+00
-6.919082882361162312e+00
-6.700545920871343597e+00
-6.534756668469182905e+00
-6.379827695848778291e+00
-6.254223703274504942e+00
-6.204315471768625301e+00
-6.074301467684859013e+00
-5.947276909723078653e+00
-5.809827988572417112e+00
-5.779410078928298056e+00
-5.717213291902181638e+00
-5.614449567392342466e+00
-5.625335718021435838e+00
-5.584482761842155973e+00
-5.570514015690156029e+00
-5.543013725562274452e+00
-5.538178266050209686e+00
-5.568507843233803101e+00
-5.547936408184425794e+00
-5.580363276113249782e+00
-5.566842051452091766e+00
-5.397143504016415960e+00
