5.924245278731180009e-02
5.149606023057227977e-02
4.500550595479142074e-02
3.686392012026731835e-02
3.058315043867294858e-02
2.373442539331002687e-02
1.918648747560135898e-02
1.535497264090710315e-02
1.069333501517398186e-02
9.683560372685412823e-03
9.168188938037384605e-03
9.405730499379965498e-03
7.708288084264738188e-03
7.185715891841474440e-03
7.769190965204601611e-03
6.545820650681610092e-03
6.550893443075379678e-03
6.335858557786362873e-03
6.558621505525922060e-03
6.609032611713808007e-03
6.255369857507810626e-03
6.912285499026725975e-03
6.776003774673388866e-03
7.480372371483624133e-03
7.835523162756636781e-03
