7.597355182090587133e-02
6.831556441607752883e-02
5.788823734770533191e-02
4.493059082570394214e-02
3.447892177072792164e-02
2.624295427569826866e-02
2.333503078143995754e-02
1.960689282728843297e-02
1.349946511402358093e-02
1.136388623745622495e-02
9.415935649000334653e-03
9.363618966048077238e-03
7.236821607961165838e-03
5.917033014080750816e-03
5.867846396513860287e-03
5.238466496587350016e-03
4.721285015856241211e-03
4.739349630684013166e-03
4.259728877459728960e-03
4.517967030082121159e-03
4.338265478636894878e-03
4.436976615189451925e-03
4.391495786389931072e-03
5.101071698795772540e-03
5.558358980761556392e-03
