3.262724097014515046e+00
2.973991711030540275e-01
3.394125374680037272e-08
1.503530483404559912e-08
1.613944257851287377e-08
4.288930601235028900e-08
-7.823393111398431188e+00
-1.197488151762112207e-01
-1.484041337335524124e+00
-1.741934299031455247e+00
-1.079530548030072534e+00
2.194319795170065479e+00
2.619304688868279163e-01
-1.853646722579205042e+00
-1.959455519091163056e-01
7.476031689638514832e-01
-5.274737048626895186e-01
2.068612747585028444e+00
2.217684199108254539e+00
4.562594087682197430e-01
9.119022730456859405e-01
-1.025804290530038188e+00
2.007834802244813366e-01
-1.387346734461483377e+00
-1.461978277676042326e-01
6.614835605040706445e-01
-1.760564034853359383e-01
-3.283003772738450898e+00
-3.610053590605783458e-01
2.674137028415348283e+00
-6.039758301193665080e-01
9.994160195162097304e-01
5.241658875548936558e-02
-5.691923190647855124e-01
5.746665508672647166e-02
-7.103111765635244934e-02
