-5.979532628493873680e+00
-6.870118826135423795e+00
-7.680494384565704991e+00
-8.457873938526271118e+00
-9.169192489762926002e+00
-9.843367509602813925e+00
-1.043342308442600164e+01
-1.095802736034895197e+01
-1.146583395180890896e+01
-1.179886383252551774e+01
-1.204715102296657747e+01
-1.220609534487699221e+01
-1.239677307362414460e+01
-1.249512089018745442e+01
-1.250354318875487891e+01
-1.257798445362374729e+01
-1.257497140326741558e+01
-1.258125716122611770e+01
-1.257317851532967268e+01
-1.260060747024649608e+01
-1.269196551975066711e+01
-1.278215022704371862e+01
-1.298540446340536647e+01
-1.322064999558624798e+01
-1.350891289977876575e+01
-5.195703776421794373e+00
-5.546625090237857769e+00
-6.387287780165243234e+00
-7.196533769081655763e+00
-7.937221092518401910e+00
-8.638662049345992244e+00
-9.255268033081337720e+00
-9.807501110601931416e+00
-1.034614692492850807e+01
-1.071261034366744624e+01
-1.099746347862533291e+01
-1.119563456831778225e+01
-1.142980196113479607e+01
-1.157338425740055854e+01
-1.162838469986384915e+01
-1.175175862653417447e+01
-1.179736461920597002e+01
-1.185121382188989791e+01
-1.188773819030301482e+01
-1.195466628377177365e+01
-1.207775742869407054e+01
-1.218946816112798004e+01
-1.240077343413409316e+01
-1.262818517199679391e+01
-1.289051142143763151e+01
-5.076678188740957332e+00
-4.926350925070127396e+00
-5.181278534147366166e+00
-6.007077077893774764e+00
-6.770673544488032825e+00
-7.496380709557926458e+00
-8.137060172592013529e+00
-8.713750646851641690e+00
-9.278807958311817927e+00
-9.673598265636975668e+00
-9.989500761748184132e+00
-1.022136662072344926e+01
-1.049321461874381356e+01
-1.067648868680196017e+01
-1.077262476677616299e+01
-1.093950169454017640e+01
-1.102842749089804641e+01
-1.112479274471654378e+01
-1.120121980230169889e+01
-1.130358898263917666e+01
-1.145530596522585753e+01
-1.158632562159799484e+01
-1.180484530014267719e+01
-1.202479466297214827e+01
-1.226348702046328043e+01
-4.941028164582187188e+00
-4.781948712872377882e+00
-4.623325337868871010e+00
-4.890503326449740840e+00
-5.664428468537858308e+00
-6.406237435595743435e+00
-7.066195042819858330e+00
-7.663342466615281623e+00
-8.250362631906835276e+00
-8.668541705105024420e+00
-9.010045801364540807e+00
-9.269907581126124896e+00
-9.573356321546102166e+00
-9.790402430830832614e+00
-9.921919841814091257e+00
-1.012659870280508834e+01
-1.025340212348204361e+01
-1.038716815318116815e+01
-1.049880392168655696e+01
-1.063255777729719576e+01
-1.080970992803032793e+01
-1.095770253719356546e+01
-1.118234058456481606e+01
-1.139498574156204569e+01
-1.161217417024728604e+01
-4.814378487798748552e+00
-4.647496510822824334e+00
-4.481887395486062076e+00
-4.383274707745338006e+00
-4.659365414634319968e+00
-5.407754378306348642e+00
-6.078652427797607949e+00
-6.690282890055796017e+00
-7.294004951965080252e+00
-7.730392970023682864e+00
-8.091984369006015143e+00
-8.374041383312793130e+00
-8.702912855934240355e+00
-8.947588134727377351e+00
-9.108477427335992971e+00
-9.345037845378538321e+00
-9.504102013508530788e+00
-9.670033811990757400e+00
-9.812118417359615208e+00
-9.973151335829673059e+00
-1.017248186723423231e+01
-1.033505686012131086e+01
-1.056466217523673379e+01
-1.077017954239761721e+01
-1.096811928002352765e+01
-4.691885077674867510e+00
-4.514738454092405817e+00
-4.342721327093373773e+00
-4.237356127092922087e+00
-4.178208786007109765e+00
-4.502151329502156685e+00
-5.176419470298349701e+00
-5.794588325188125388e+00
-6.408316017042450241e+00
-6.857068672938657627e+00
-7.232931582565258921e+00
-7.531196229844451473e+00
-7.879225092721941159e+00
-8.145237597868225876e+00
-8.329292058237017571e+00
-8.591671649377369491e+00
-8.777229034850616785e+00
-8.969986413923816571e+00
-9.137692031686567518e+00
-9.321868015007103381e+00
-9.540126633104888398e+00
-9.714922657474851064e+00
-9.948458915984197404e+00
-1.014722460079944710e+01
-1.032863330409445446e+01
-4.639257412718373885e+00
-4.447872846257928003e+00
-4.267038137096038852e+00
-4.155399897890402094e+00
-4.089043967532082213e+00
-4.103608175059024532e+00
-4.426257811053023516e+00
-5.044877029664824875e+00
-5.661269943790594894e+00
-6.115740386720008637e+00
-6.499595903582882528e+00
-6.807789794929029803e+00
-7.168606740544553269e+00
-7.449543987419160906e+00
-7.650385708098183635e+00
-7.932475409428381141e+00
-8.138658262286678990e+00
-8.352859610237564070e+00
-8.541340968983876181e+00
-8.744574205048143867e+00
-8.978659591164545262e+00
-9.163473457631598151e+00
-9.400260644623728012e+00
-9.593137225700687054e+00
-9.761850895236650061e+00
-4.544249859974102357e+00
-4.331965716300341107e+00
-4.138175946965728436e+00
-4.017705579955135775e+00
-3.944203745423483287e+00
-3.949923066469466004e+00
-3.991616950223859650e+00
-4.323943642415470912e+00
-4.938443806460283803e+00
-5.392261997566170528e+00
-5.777719277107962625e+00
-6.089367056111036014e+00
-6.456683914249266465e+00
-6.746118847556734188e+00
-6.957217534078742105e+00
-7.253091612745254935e+00
-7.474047909567156367e+00
-7.704453176121889513e+00
-7.909010730926445909e+00
-8.127508336728443084e+00
-8.374857118529998701e+00
-8.567973269485475996e+00
-8.808318967244801456e+00
-8.997438746971612389e+00
-9.160241185237669725e+00
-4.304102688935349086e+00
-4.054076276493508324e+00
-3.838200210110035648e+00
-3.703165735612274911e+00
-3.618672002141655408e+00
-3.615224210634266466e+00
-3.645808656515571400e+00
-3.729602706658392552e+00
-4.114689919757890557e+00
-4.565272160215608999e+00
-4.948067436580576128e+00
-5.257525745573654596e+00
-5.626541553926595718e+00
-5.918750905083791203e+00
-6.133526909253465220e+00
-6.438571857394246756e+00
-6.668973866253015359e+00
-6.911327079642722637e+00
-7.128153032248735421e+00
-7.359522594184081612e+00
-7.619859402379599800e+00
-7.821469273118871079e+00
-8.069417387652819684e+00
-8.261507813633778952e+00
-8.435623487901288797e+00
-4.391122278100113796e+00
-4.120783001229660236e+00
-3.889621967262484326e+00
-3.742791241039184147e+00
-3.648746426582004432e+00
-3.636719939459009510e+00
-3.658446343532031797e+00
-3.730995635629281271e+00
-3.904140364334084623e+00
-4.163517097551278745e+00
-4.536004912209785189e+00
-4.836559126395997055e+00
-5.198215484783879070e+00
-5.485305591272651604e+00
-5.697371788151422756e+00
-6.002287841833300774e+00
-6.234792700648752906e+00
-6.481175488764632675e+00
-6.703128659382993071e+00
-6.939815304706880461e+00
-7.204432347981098772e+00
-7.407477028157324561e+00
-7.652615805860411236e+00
-7.835517538571124874e+00
-7.993281353622565533e+00
-4.490323285678152310e+00
-4.196900953287739711e+00
-3.947821677794054462e+00
-3.786737900014324865e+00
-3.680918720731589211e+00
-3.658485804360422478e+00
-3.670126302977606336e+00
-3.731767091890568544e+00
-3.891126989343098863e+00
-3.979448793950444152e+00
-4.196701227137725532e+00
-4.482521521847671941e+00
-4.830777646047381246e+00
-5.106237952614539388e+00
-5.309003836316271929e+00
-5.607180235388134371e+00
-5.835468834619146783e+00
-6.079956244838432333e+00
-6.301692467793425401e+00
-6.539065732589149249e+00
-6.804208631904197446e+00
-7.005990482489387716e+00
-7.246820372094864737e+00
-7.420378584821095913e+00
-7.563123934989008035e+00
-4.691704415417371266e+00
-4.372344020403683196e+00
-4.102671352223902446e+00
-3.924842750066846353e+00
-3.804970848081977497e+00
-3.770173849040444836e+00
-3.770177304888692404e+00
-3.820006223643888088e+00
-3.966359883696524147e+00
-4.039222354269702997e+00
-4.124011145304284476e+00
-4.283805425947960543e+00
-4.613104016062973045e+00
-4.870946307306091683e+00
-5.058138614165273772e+00
-5.343230035277328760e+00
-5.561097335957079224e+00
-5.797816258680193791e+00
-6.014001551182396099e+00
-6.247423148473383314e+00
-6.509324117240653962e+00
-6.707136607437950815e+00
-6.942155940130313674e+00
-7.106223717772977899e+00
-7.235311167398171150e+00
-4.797676379858797802e+00
-4.449411712467485458e+00
-4.156426174938931517e+00
-3.959338093406251424e+00
-3.823108533236071693e+00
-3.773931335993968794e+00
-3.760626776460612941e+00
-3.797433935047612952e+00
-3.930329499667344351e+00
-3.988419972429033233e+00
-4.056199788635311165e+00
-4.116666704653103359e+00
-4.346021489646873626e+00
-4.580444461815536883e+00
-4.746146897272615739e+00
-5.012243091729426503e+00
-5.213754995314584306e+00
-5.437021538958853206e+00
-5.642427733067938433e+00
-5.867318388742015500e+00
-6.122238649433363378e+00
-6.313385706586720936e+00
-6.541100221783124447e+00
-6.695541541289959930e+00
-6.812360569152979828e+00
-4.948467245713564999e+00
-4.568145669440136558e+00
-4.249046918735222000e+00
-4.030154061611470162e+00
-3.875242958062003140e+00
-3.809637054707320392e+00
-3.781295310985614666e+00
-3.803748293965748761e+00
-3.922398230661897411e+00
-3.965450575856052318e+00
-4.016989682120923888e+00
-4.059221708191238953e+00
-4.214128982993296191e+00
-4.373278373773182182e+00
-4.511654762033804111e+00
-4.753186431020838043e+00
-4.932723332866748578e+00
-5.137145791533857420e+00
-5.326758110899065812e+00
-5.538695680643645147e+00
-5.783001863835992573e+00
-5.964838083072438124e+00
-6.183787220706088661e+00
-6.328488230065485887e+00
-6.434461769584844504e+00
-5.206474460509766367e+00
-4.790664769695002434e+00
-4.442513853114681943e+00
-4.199213640187252850e+00
-4.023271420585072811e+00
-3.939166715534408780e+00
-3.894027402110544767e+00
-3.900737191980137464e+00
-4.004223925962172359e+00
-4.031732283542612372e+00
-4.067074694271905599e+00
-4.091905868882870223e+00
-4.227888661361072664e+00
-4.326896062438542856e+00
-4.415271460078546539e+00
-4.626739075022024750e+00
-4.778865985900827340e+00
-4.959295548005637322e+00
-5.128338410174244189e+00
-5.323130603104411662e+00
-5.553387575417704447e+00
-5.723381494349901288e+00
-5.932191953211989777e+00
-6.067087161090692682e+00
-6.163682102891793413e+00
-5.436778843429388886e+00
-4.981626785893173981e+00
-4.601265346492575681e+00
-4.330854525435335667e+00
-4.131487195834339765e+00
-4.026792483784113585e+00
-3.963075438841708209e+00
-3.952625486553631440e+00
-4.039977583934279970e+00
-4.051352909940013625e+00
-4.070373441402781012e+00
-4.078167627563621167e+00
-4.196434728937429526e+00
-4.276039953755299550e+00
-4.307228819238289930e+00
-4.495961874490684629e+00
-4.615363014828480992e+00
-4.766740804570895662e+00
-4.910568385595788676e+00
-5.084200175767035645e+00
-5.297185335880914003e+00
-5.452960336497921112e+00
-5.650406769312458444e+00
-5.775516640616361386e+00
-5.864260912665312020e+00
-5.692547481746299987e+00
-5.193584498752675138e+00
-4.777509535388701600e+00
-4.477107883670992550e+00
-4.251835382494828508e+00
-4.124423857402147675e+00
-4.040326436695480083e+00
-4.011281598748220212e+00
-4.081505919970641827e+00
-4.076123009036972000e+00
-4.078638775559912055e+00
-4.069651248184972481e+00
-4.171043966232488742e+00
-4.232689490136374744e+00
-4.244380134145892214e+00
-4.369395381196107486e+00
-4.493047642860061863e+00
-4.610461875785866859e+00
-4.724448270605434708e+00
-4.872945566108597859e+00
-5.065536565087603194e+00
-5.204821426975277276e+00
-5.389816867714446680e+00
-5.505258896586346040e+00
-5.587749950467800986e+00
-6.019808559079134369e+00
-5.472036381806696603e+00
-5.016281549018964725e+00
-4.682722474139627167e+00
-4.428905237681535212e+00
-4.276579129064678853e+00
-4.170258383749341213e+00
-4.121160457725895121e+00
-4.173256084695760038e+00
-4.150466395285564936e+00
-4.136267785212941028e+00
-4.110714084169160287e+00
-4.195989801147976372e+00
-4.240864620934155838e+00
-4.234759392444806814e+00
-4.341442902209807997e+00
-4.386017003323654073e+00
-4.534011263906460698e+00
-4.613728215473340555e+00
-4.733092651659040584e+00
-4.902151932516462196e+00
-5.022690888530027209e+00
-5.194203874006143806e+00
-5.300153580371286033e+00
-5.378047332931715552e+00
-6.320243764985853829e+00
-5.718802300939928251e+00
-5.219061313044781159e+00
-4.848815818020901780e+00
-4.563563785635026626e+00
-4.383996592464975528e+00
-4.253534234019726412e+00
-4.182885091952479151e+00
-4.215846817056742246e+00
-4.174976896391004999e+00
-4.143835379355893522e+00
-4.101909876329606242e+00
-4.171813386336167717e+00
-4.201058814895653803e+00
-4.178682405580827819e+00
-4.269278302437499839e+00
-4.296223061648305475e+00
-4.346134150890137882e+00
-4.478294169012072778e+00
-4.564706328280707659e+00
-4.707042999118966620e+00
-4.806540552630228724e+00
-4.963537894807189765e+00
-5.060201233835348589e+00
-5.135222763300896887e+00
-6.719413921695387870e+00
-6.060085550107880081e+00
-5.512180592450768302e+00
-5.101461535842934047e+00
-4.781584329564951830e+00
-4.572252964075445902e+00
-4.415603176384608197e+00
-4.321832097434968212e+00
-4.334639953218591302e+00
-4.274976268174844662e+00
-4.226636289671075630e+00
-4.168507779949612413e+00
-4.223791617778465124e+00
-4.238539457989259240e+00
-4.201374577591804105e+00
-4.277944765332033050e+00
-4.289828257851472593e+00
-4.323864417273513894e+00
-4.339198893759436793e+00
-4.492572619298969450e+00
-4.605134923377022460e+00
-4.681245431219783981e+00
-4.822664970027093823e+00
-4.910274503783716327e+00
-4.984255463776545270e+00
-7.096491993586972136e+00
-6.375578864431341586e+00
-5.775795839785186736e+00
-5.320870433547413292e+00
-4.962973557789498003e+00
-4.721133317706442512e+00
-4.536076185187193133e+00
-4.417499761664270608e+00
-4.409097046780672713e+00
-4.329864370136145446e+00
-4.264028819562819095e+00
-4.189828865871907837e+00
-4.231259684031200230e+00
-4.232642746773796816e+00
-4.182154192772820522e+00
-4.246752957626268810e+00
-4.245926436440033314e+00
-4.267094503664172755e+00
-4.268359267392724199e+00
-4.292921622126342207e+00
-4.475491321596395622e+00
-4.525943961532744808e+00
-4.650679002744954715e+00
-4.729487989880728271e+00
-4.804400046030898430e+00
-7.524894581730243281e+00
-6.738946964771278303e+00
-6.083960434731516820e+00
-5.581367558289450415e+00
-5.182058626536091950e+00
-4.904804736710312696e+00
-4.688938594190708464e+00
-4.543729286478003893e+00
-4.512994248849806489e+00
-4.413332713728316037e+00
-4.329645020455413551e+00
-4.239451550471653896e+00
-4.267807998155825011e+00
-4.256958991505802814e+00
-4.194592701996104900e+00
-4.249304640384440113e+00
-4.238085991303282007e+00
-4.249133736956125063e+00
-4.239622921896735619e+00
-4.252642915989731875e+00
-4.307105519928924764e+00
-4.414224979994484599e+00
-4.521168224467407626e+00
-4.591445977413446400e+00
-4.669429755980321950e+00
-7.960626734708685426e+00
-7.106290804930844196e+00
-6.392965376263890498e+00
-5.839489140616898055e+00
-5.395506737464987879e+00
-5.079876511352850343e+00
-4.830652698163130587e+00
-4.656826805658281998e+00
-4.602548276580431086e+00
-4.481492102950305423e+00
-4.379516810810652139e+00
-4.273333739496715467e+00
-4.289402274397854598e+00
-4.267448778309002932e+00
-4.194622329508303160e+00
-4.241579765755996156e+00
-4.222286095850558141e+00
-4.225934006223470263e+00
-4.208635787597055256e+00
-4.213666993284335582e+00
-4.259617296108870299e+00
-4.255610600797004928e+00
-4.390321340491914803e+00
-4.452355707953197239e+00
-4.535759423026020976e+00
-8.491031221296315934e+00
-7.564988220970729316e+00
-6.790247587906477200e+00
-6.182799488543587962e+00
-5.690999502053463388e+00
-5.334024453537488775e+00
-5.048781904255783104e+00
-4.844195860212502147e+00
-4.765056770171233858e+00
-4.621510624397156874e+00
-4.500710421369186420e+00
-4.378441190695843588e+00
-4.383015411952688289e+00
-4.351075653329710136e+00
-4.269165928360091122e+00
-4.310570207708440904e+00
-4.285532841530850234e+00
-4.284532063186792250e+00
-4.262402712883818445e+00
-4.262722336387395394e+00
-4.303969374170865336e+00
-4.293161204814110121e+00
-4.357359383315636769e+00
-4.399582290431713893e+00
-4.491006730183118911e+00
-9.014021794341770644e+00
-8.012970169117464181e+00
-7.173736945485859273e+00
-6.509269415366120803e+00
-5.966556762329349617e+00
-5.565242363672904702e+00
-5.241191244511898439e+00
-5.003506890472238844e+00
-4.898061385322256100e+00
-4.730749486475417598e+00
-4.590439022153755211e+00
-4.451834182386108729e+00
-4.445718403131663443e+00
-4.404892700695171470e+00
-4.315207736765144020e+00
-4.353362564236363141e+00
-4.324932883353263868e+00
-4.322095939177493129e+00
-4.298114412779226789e+00
-4.296999233912424998e+00
-4.337152587386389868e+00
-4.323098531343611661e+00
-4.384304554380964447e+00
-4.418203575117047421e+00
-4.432822789724964352e+00
