5.923121520899542192e-02
5.151048491545351382e-02
4.498340729016596373e-02
3.686029835763633689e-02
3.062256629456881762e-02
2.374772150899429751e-02
1.916753734766316400e-02
1.531202187770953210e-02
1.064854108226396395e-02
9.679913655572821782e-03
9.188661110957374242e-03
9.443416785273257494e-03
7.729269659124933869e-03
7.198551289697593253e-03
7.780623625084724833e-03
6.540669621961915821e-03
6.539941241234805205e-03
6.320483192106352531e-03
6.544751473715193502e-03
6.600188584380512619e-03
6.253790787827348020e-03
6.921901061485367414e-03
6.790966818815252423e-03
7.492928594274451091e-03
7.820915214515335515e-03
