7.599073346823576047e-02
6.826363727805087600e-02
5.767279390731756827e-02
4.481453495845809376e-02
3.469934554511153180e-02
2.673522271552219998e-02
2.382573377262869191e-02
1.961649632596488418e-02
1.261653424669078802e-02
1.098060791589492921e-02
9.330580340110274790e-03
9.434713929741850302e-03
7.362623766336853781e-03
6.043094622264350881e-03
5.980194600617935036e-03
5.317629804021629589e-03
4.767895872249062333e-03
4.760550469932598588e-03
4.261805397794750719e-03
4.509744612004380759e-03
4.327395900641939006e-03
4.427201432111312410e-03
4.382849423237359515e-03
5.085695242878084284e-03
5.521701470481775453e-03
