-7.151149264372355319e+00
-2.024412373313248525e-01
-1.680842124061393772e+00
-1.191153903034667172e+00
-6.520593326462683637e-01
1.618344461986838123e+00
1.198138582608074820e+00
-3.120629578775808710e+00
1.504790711666617875e-01
5.763468900491584002e-01
-3.839959434211212552e-01
1.128836899205993838e+00
3.017028966275848489e+00
8.279540168094804420e-01
-5.402555396675784438e-01
-4.215935092429144992e-01
-1.514627560848164523e+00
-1.275050537567695985e-01
-6.091912454897091544e-01
1.502177618477041454e+00
-5.463772971794199629e-01
-2.477958412671856792e+00
-9.076437332430759009e-01
3.925450867862066318e+00
4.250642020323028847e-01
-5.825967144430923561e-01
7.853999350873492880e-01
-1.548581930303762899e+00
9.400608178161999617e-02
4.033949252917241879e-02
