-3.368816952285599520e+00
-4.220388375131643777e+00
-5.018489062954375690e+00
-5.786340616927636127e+00
-6.482852638214670726e+00
-7.141398947034057976e+00
-7.710049515864723979e+00
-8.210923518031689738e+00
-8.703326838972280655e+00
-9.005190239698904975e+00
-9.222998683495662320e+00
-9.346454619213650616e+00
-9.522989879458616969e+00
-9.599981050305867569e+00
-9.579749082174446428e+00
-9.657227310581760094e+00
-9.654028991448830865e+00
-9.680915517892586308e+00
-9.709217277266946056e+00
-9.802189501931495741e+00
-9.997750577540044148e+00
-1.022023227366391218e+01
-1.062012593727042109e+01
-1.111597007707902129e+01
-1.181486039099916852e+01
-2.706375186336559047e+00
-2.934443725979133166e+00
-3.782060340452652714e+00
-4.595123942232818948e+00
-5.334381002227880586e+00
-6.034756354565742775e+00
-6.645585129799590263e+00
-7.189965803493857166e+00
-7.727897707490201995e+00
-8.077719193370427320e+00
-8.346036959153074974e+00
-8.522389332590501354e+00
-8.753758169351392837e+00
-8.886784222740923056e+00
-8.922766754573762782e+00
-9.055331555927176979e+00
-9.104498482446652829e+00
-9.179149671140624633e+00
-9.248450397416938529e+00
-9.373204925855576519e+00
-9.588594818496691374e+00
-9.815929165460314465e+00
-1.020239077843575082e+01
-1.066292379839722315e+01
-1.130074621444048510e+01
-2.795261890456708809e+00
-2.368449752416255105e+00
-2.613513254341574221e+00
-3.476526756703143484e+00
-4.260339051683866174e+00
-5.001855740958019325e+00
-5.652083935703579698e+00
-6.235485305191385663e+00
-6.813113588050994984e+00
-7.204052755733751034e+00
-7.515346339209585835e+00
-7.736660712263208062e+00
-8.014796989677968497e+00
-8.195906396955438211e+00
-8.280489881187264700e+00
-8.461066131810484947e+00
-8.556239115911527193e+00
-8.673166295020383387e+00
-8.778979482149933844e+00
-8.932140692566408191e+00
-9.165180452075919249e+00
-9.396448027647080536e+00
-9.769857620900083361e+00
-1.019677597582365891e+01
-1.077653488912849333e+01
-2.860684341275407494e+00
-2.460129446660551000e+00
-2.139742444321244275e+00
-2.420410945523434609e+00
-3.250588671767907556e+00
-4.032558991396123282e+00
-4.719407818761980344e+00
-5.337343908309600593e+00
-5.948836365840066698e+00
-6.374052811974212140e+00
-6.720788708849845250e+00
-6.979130643417577495e+00
-7.295968225624913650e+00
-7.517209458135274858e+00
-7.642780347201138191e+00
-7.864292923417594672e+00
-7.999112777028312138e+00
-8.152827274717809658e+00
-8.290666416652070936e+00
-8.468858687248385309e+00
-8.717369363462232457e+00
-8.951650745410102417e+00
-9.312388349857370073e+00
-9.707388517936552219e+00
-1.023209093096679290e+01
-2.939052845118856450e+00
-2.558875305820488499e+00
-2.252873461152792967e+00
-2.065015980846574450e+00
-2.341540168809308042e+00
-3.163276412209173216e+00
-3.883967085303821953e+00
-4.531951919177569010e+00
-5.171476347186408695e+00
-5.624129668420871475e+00
-5.998774374403052612e+00
-6.286209432382621642e+00
-6.633682183520804188e+00
-6.887103712609464523e+00
-7.046048458944198067e+00
-7.301422237077866306e+00
-7.469529772126639600e+00
-7.654542916562235177e+00
-7.819921507252638904e+00
-8.019769216231203757e+00
-8.281571858985635970e+00
-8.517947625077111340e+00
-8.866393271632654560e+00
-9.231171731062861596e+00
-9.703824626873192472e+00
-3.029745333915020211e+00
-2.664065261791729533e+00
-2.367940628848543394e+00
-2.183632960646781473e+00
-2.083688328316993577e+00
-2.393385935324805924e+00
-3.145139667256844795e+00
-3.818687269723035627e+00
-4.480411464017827861e+00
-4.953661257001475526e+00
-5.348681267796962402e+00
-5.657275011086122518e+00
-6.027316795293603313e+00
-6.304967092305865606e+00
-6.489672148344266311e+00
-6.771832004718936204e+00
-6.966868033134074878e+00
-7.177691152481255443e+00
-7.366122685879022747e+00
-7.584250211442828515e+00
-7.857165870573336264e+00
-8.094716598576692235e+00
-8.431250318155306900e+00
-8.767503547126144881e+00
-9.191113914236288096e+00
-3.201148399626513541e+00
-2.844085906538305064e+00
-2.553330539355465056e+00
-2.369363482609527782e+00
-2.263429672672151227e+00
-2.276314016822369002e+00
-2.571312156583329678e+00
-3.265936551908273255e+00
-3.944028308296592567e+00
-4.431034169678271795e+00
-4.838895980993818569e+00
-5.160713971490352492e+00
-5.545258652905505237e+00
-5.839186189186613696e+00
-6.042038007363645491e+00
-6.343908818302956831e+00
-6.559514152013076860e+00
-6.790658574437104633e+00
-6.997656544493499275e+00
-7.230688264845269941e+00
-7.512537990188015158e+00
-7.750344257870877662e+00
-8.075346081386792108e+00
-8.384770558091833692e+00
-8.762345385020489985e+00
-3.351124310066996959e+00
-2.996799507874024826e+00
-2.706905460487524007e+00
-2.520069814548204334e+00
-2.406147129163218157e+00
-2.404995094973032099e+00
-2.466706467355914256e+00
-2.771562033546941528e+00
-3.460189147836352674e+00
-3.954110674264939451e+00
-4.367280781807301615e+00
-4.694388581408951211e+00
-5.085370024170240200e+00
-5.387623271065477226e+00
-5.601008303815969036e+00
-5.915514945643700173e+00
-6.145330396577073806e+00
-6.391307450243482791e+00
-6.612385350909980808e+00
-6.856945644252270711e+00
-7.145550485643251903e+00
-7.382692870773206906e+00
-7.696542829141394648e+00
-7.980835031772692822e+00
-8.315381307039311665e+00
-3.403405999130024728e+00
-3.045938999692468840e+00
-2.752398326138313589e+00
-2.559484890356356956e+00
-2.435573631683747742e+00
-2.419489735972595756e+00
-2.460740568794718364e+00
-2.578868724027513881e+00
-2.952626916530672663e+00
-3.446623704655033649e+00
-3.857568604130960921e+00
-4.182031774735489371e+00
-4.571383842981324719e+00
-4.874011271835971826e+00
-5.090315971594809419e+00
-5.410383320634703175e+00
-5.648049700719767863e+00
-5.903370713794028113e+00
-6.134042039021891490e+00
-6.386755283557333129e+00
-6.679936290832347190e+00
-6.915495371177489581e+00
-7.218573495312218036e+00
-7.479429902063449376e+00
-7.773954614186891376e+00
-3.607744626283748257e+00
-3.241255541461780076e+00
-2.939560295775975440e+00
-2.737359869502137499e+00
-2.601460339701884283e+00
-2.569549099289207827e+00
-2.590426790235286436e+00
-2.683360352154340767e+00
-2.901220533569579096e+00
-3.158324420316707570e+00
-3.559510607432954554e+00
-3.873394710938111274e+00
-4.253051268806911978e+00
-4.548101350966252454e+00
-4.759712170168318046e+00
-5.078265102744104809e+00
-5.317423223909299779e+00
-5.576599524556806742e+00
-5.812377768297431579e+00
-6.069868342228702751e+00
-6.365446565223830788e+00
-6.598502918551682583e+00
-6.891189239367649932e+00
-7.130306328431744056e+00
-7.387816465931187793e+00
-3.815757709066391445e+00
-3.434366650720197534e+00
-3.120008886938753445e+00
-2.905312269523760538e+00
-2.755424770755849462e+00
-2.706790702461087328e+00
-2.707382649215832160e+00
-2.776054516932594307e+00
-2.965679044125960839e+00
-3.084585965375497008e+00
-3.324724309251494869e+00
-3.620094907555042152e+00
-3.981989819185229873e+00
-4.261511025994558999e+00
-4.460814417074704608e+00
-4.770777809510119205e+00
-5.005068483683841052e+00
-5.262611400070081658e+00
-5.499010056274704183e+00
-5.757902337804577719e+00
-6.053698826355796925e+00
-6.283333030434119060e+00
-6.566007578845851178e+00
-6.785081828415905569e+00
-7.008584379810396392e+00
-4.117394529432952588e+00
-3.715221609422734605e+00
-3.383693381581655668e+00
-3.153291372376229695e+00
-2.987416206800646901e+00
-2.921163827443237437e+00
-2.901557427691362712e+00
-2.946900500317279015e+00
-3.109914348744043711e+00
-3.199176250508438013e+00
-3.309048783957931672e+00
-3.512081646541285629e+00
-3.848148776071286026e+00
-4.104189578875874211e+00
-4.283571994268974947e+00
-4.577870722887775301e+00
-4.800934761998441935e+00
-5.051355622288799196e+00
-5.283888184908843044e+00
-5.540806552239917693e+00
-5.834642356183019629e+00
-6.059934988779657417e+00
-6.332977795701825841e+00
-6.533705683970711497e+00
-6.726207637779886284e+00
-4.315832190781189404e+00
-3.886997520967147679e+00
-3.533790883102433611e+00
-3.284474281457302247e+00
-3.100611751234035207e+00
-3.015845577633414099e+00
-2.976128229059637142e+00
-2.999075405706152164e+00
-3.137103550821589426e+00
-3.198868014172667085e+00
-3.279192378741166536e+00
-3.353731744020002292e+00
-3.654705242862828829e+00
-3.879314113007961140e+00
-4.031162005148901883e+00
-4.302720946274804170e+00
-4.508199162250828174e+00
-4.746009294610762375e+00
-4.970189257597553478e+00
-5.221758088932514141e+00
-5.511454258103579029e+00
-5.731485896986193040e+00
-5.995276993333289006e+00
-6.179354998494103413e+00
-6.343863343237064356e+00
-4.551778655889313185e+00
-4.090402348131668475e+00
-3.711009354279319883e+00
-3.439568959545201476e+00
-3.235719366834231892e+00
-3.131543915809842371e+00
-3.071803016098872519e+00
-3.073287195877432154e+00
-3.187954613136820825e+00
-3.224369219146412391e+00
-3.277630085150669004e+00
-3.324034685665183897e+00
-3.495590796660637434e+00
-3.727592591169041292e+00
-3.844292412492694933e+00
-4.086036442449441530e+00
-4.267569647219231044e+00
-4.487280379814170495e+00
-4.698621237119061433e+00
-4.941464910660541499e+00
-5.224842494895558076e+00
-5.438693717831810659e+00
-5.693613134518513696e+00
-5.862737734764142949e+00
-6.002259458960470084e+00
-4.887305571328171894e+00
-4.387507737487061021e+00
-3.977420441683093610e+00
-3.680647053210710506e+00
-3.454810700172028959e+00
-3.330330488543307155e+00
-3.250653435379862621e+00
-3.231607517401917651e+00
-3.324539182260522807e+00
-3.337751512000463716e+00
-3.366433549757225752e+00
-3.387323583053096776e+00
-3.533221041981069011e+00
-3.635201868923956248e+00
-3.785034862871139882e+00
-3.989888857982478498e+00
-4.141117863474444327e+00
-4.337240524469820002e+00
-4.531255770044126052e+00
-4.761998663994830849e+00
-5.036878713129745222e+00
-5.243630097887514552e+00
-5.490057865828185335e+00
-5.645925539351689615e+00
-5.763467631520529544e+00
-5.188776890523993934e+00
-4.644677642459658529e+00
-4.199388098740106656e+00
-3.874072515880169654e+00
-3.624249704673764061e+00
-3.478569249260146545e+00
-3.379043440328934889e+00
-3.340400323705932983e+00
-3.413221211619029916e+00
-3.405378846161142281e+00
-3.411966725987170435e+00
-3.409962389610068367e+00
-3.532739313584798868e+00
-3.612282282227409436e+00
-3.634186998488129205e+00
-3.880642146300245177e+00
-3.995207764442815002e+00
-4.162253682004050326e+00
-4.334456809799126731e+00
-4.549723302361714516e+00
-4.813926866232419499e+00
-5.012658990579446083e+00
-5.250975140688745491e+00
-5.395282365683012671e+00
-5.493851814344176354e+00
-5.508585862434782321e+00
-4.914305312007404503e+00
-4.429305574408213708e+00
-4.072238596511476239e+00
-3.796429629297317643e+00
-3.628653446918245429e+00
-3.509366279903982644e+00
-3.452058863747371920e+00
-3.506393950170232809e+00
-3.479644470586351623e+00
-3.466622862798392823e+00
-3.444344354293993327e+00
-3.546538860429720330e+00
-3.605866354150121023e+00
-3.608916476860851485e+00
-3.733876559182284005e+00
-3.882232599082208857e+00
-4.014713101374751680e+00
-4.160617605341941250e+00
-4.357032074719078274e+00
-4.608380203161566158e+00
-4.798173644865562970e+00
-5.028758208058149215e+00
-5.163201462716089374e+00
-5.245805256388787363e+00
-5.891858832860271455e+00
-5.241517091930051997e+00
-4.712299214487271293e+00
-4.320271640904404187e+00
-4.016476819842501378e+00
-3.825709427317417255e+00
-3.686748299904821113e+00
-3.611709483326040360e+00
-3.649183743713941830e+00
-3.605674731075896755e+00
-3.575528305990705924e+00
-3.535595822904689989e+00
-3.619746028315641073e+00
-3.661080430491901350e+00
-3.646932910345458634e+00
-3.756537742185553252e+00
-3.795097129024467719e+00
-3.939745128381743733e+00
-4.054864502472363519e+00
-4.229051326866724914e+00
-4.465365069717004864e+00
-4.645300406545668892e+00
-4.868533413736050086e+00
-4.994809176250637250e+00
-5.064454303454414053e+00
-6.240091504861269733e+00
-5.527808685288314372e+00
-4.949864722037919940e+00
-4.519667352119682846e+00
-4.185886979370013528e+00
-3.971232893518347407e+00
-3.812685203392132127e+00
-3.720847885502621910e+00
-3.743086295310842360e+00
-3.684965330690462171e+00
-3.640178758624787569e+00
-3.585212498502831302e+00
-3.653856520303251809e+00
-3.679420214313446458e+00
-3.649732002002632925e+00
-3.744807356775491591e+00
-3.770916339277907259e+00
-3.823051814189606379e+00
-3.918693204251114004e+00
-4.067276761865355361e+00
-4.286377168959311312e+00
-4.455534978680455005e+00
-4.671796460783157023e+00
-4.791601209347432722e+00
-4.851294658601769783e+00
-6.678896030850248522e+00
-5.898792244494790005e+00
-5.267614249472925003e+00
-4.796037882569981647e+00
-4.430272260292514197e+00
-4.190835997933705315e+00
-4.012789142778586005e+00
-3.905086222689805098e+00
-3.913713757373610491e+00
-3.843128421842729736e+00
-3.786186373113316073e+00
-3.718806533501093803e+00
-3.774482488805213976e+00
-3.786497858027403574e+00
-3.742925904245040680e+00
-3.824297555364764900e+00
-3.837668939428248382e+00
-3.879089601404829502e+00
-3.905023360232030782e+00
-3.997320532127640380e+00
-4.197028653301240197e+00
-4.354489513682591628e+00
-4.564159501612268244e+00
-4.679189714419118573e+00
-4.731938474243475135e+00
-7.087799542549586995e+00
-6.233994901271710631e+00
-5.545074928514215351e+00
-5.028910363977365350e+00
-4.629159794332134759e+00
-4.364045872285610805e+00
-4.166587249786311453e+00
-4.043951626609699979e+00
-4.040593261624370491e+00
-3.959691136254807731e+00
-3.893078281178421030e+00
-3.815905059621597317e+00
-3.861151065543655392e+00
-3.861840493355914283e+00
-3.806041748794807056e+00
-3.874535469675486787e+00
-3.874882061197602923e+00
-3.903889912737919410e+00
-3.919036254890829962e+00
-3.969823010237548466e+00
-4.076846654464922892e+00
-4.221691143274189706e+00
-4.425149667945341037e+00
-4.537101823187798644e+00
-4.585912882101666810e+00
-7.540392266280956157e+00
-6.607006881941344112e+00
-5.855836985484051738e+00
-5.291875022663994343e+00
-4.856139807810948561e+00
-4.564452742896197179e+00
-4.347669750737379601e+00
-4.211034323584398997e+00
-4.197315034385202814e+00
-4.108243700248799257e+00
-4.034444709142185559e+00
-3.950098303186442283e+00
-3.987452476840664950e+00
-3.979038346621064814e+00
-3.912669761974019611e+00
-3.969111326029766573e+00
-3.956145930908078867e+00
-3.971042974510971213e+00
-3.971979217563184950e+00
-4.009394634381346911e+00
-4.108730721162374699e+00
-4.130730093777359890e+00
-4.328357186104605958e+00
-4.438927761975580921e+00
-4.486808108498375525e+00
-7.992607582986871684e+00
-6.973761567444731746e+00
-6.155833801324152255e+00
-5.540865239571480139e+00
-5.067145681670631063e+00
-4.747989990707039532e+00
-4.511970026573480119e+00
-4.362267694555567843e+00
-4.339812456597779367e+00
-4.244719494766367340e+00
-4.166219037946281567e+00
-4.077319645137301052e+00
-4.109320103637940313e+00
-4.094024798764539064e+00
-4.018743324724378674e+00
-4.063958505369273944e+00
-4.037393929501350343e+00
-4.036482167665671028e+00
-4.019785629190762322e+00
-4.038352412957773474e+00
-4.118454615688858844e+00
-4.173338562567815657e+00
-4.229715437031657643e+00
-4.340600911724145305e+00
-4.390557534375360227e+00
-8.531568928752180980e+00
-7.421382391500604747e+00
-6.532188809751915848e+00
-5.863004448417796333e+00
-5.349300849629048393e+00
-5.001781049436032411e+00
-4.746611511012443607e+00
-4.584775173241032675e+00
-4.555208961979931637e+00
-4.456241953525309718e+00
-4.375524701308512121e+00
-4.284692519191961146e+00
-4.313877379653238364e+00
-4.293923283504114785e+00
-4.211385870763638906e+00
-4.246200441411786208e+00
-4.205749490695186665e+00
-4.187330925919782842e+00
-4.149578923491337612e+00
-4.143819779684603688e+00
-4.196810218931703140e+00
-4.222487624442768706e+00
-4.361716231696343371e+00
-4.329244706151240685e+00
-4.384284593450374246e+00
-9.054876564792108340e+00
-7.847469518553888079e+00
-6.882502175213152995e+00
-6.155892813647337647e+00
-5.600205476130827087e+00
-5.223426083527884067e+00
-4.949194368498914365e+00
-4.776156924085465327e+00
-4.741104714976311030e+00
-4.640411240970346185e+00
-4.559961863673563265e+00
-4.469817089795121490e+00
-4.498724469331282450e+00
-4.476333965284499783e+00
-4.388197564536524986e+00
-4.413437298602022274e+00
-4.358812778934312959e+00
-4.321189413718034444e+00
-4.258959264909637277e+00
-4.223396899006560901e+00
-4.241397695335623830e+00
-4.227228076673643642e+00
-4.322271702737867649e+00
-4.436917077904330320e+00
-4.365589450168162244e+00
