5.464708413790551056e-01 1.941620291554854369e-02 2.814509323764019300e+01
-2.024192238478565442e-01 3.819936651206269906e-01 -5.299020437523120908e-01
1.258100819866622144e+00 9.171915372147608492e-02 1.371688212134078100e+01
-7.162073950420987600e+00 1.193176035790938672e+00 -6.002529162156156950e+00
-1.310897585021485734e-01 1.352821915137861764e-01 -9.690097198698147674e-01
-6.002801973802585067e+00 1.828299807626462714e+00 -3.283270035233198048e+00
-1.762911384921340918e+00 6.733142384918163748e-01 -2.618259475501597766e+00
-3.914115047171027317e+00 1.618795020433352994e+00 -2.417918882727483787e+00
1.841293452434600519e+00 8.462695422392573219e-01 2.175776582437880080e+00
-8.802456484974885420e-01 8.566347582607214406e-01 -1.027562377091382206e+00
-2.692044699391214380e+00 9.399580538377755312e-01 -2.864005141931392995e+00
-2.455405196261663259e-01 2.003480470092961208e-01 -1.225569818580628745e+00
-1.147038885109229467e+00 9.255731896912330336e-01 -1.239274103749565592e+00
-1.930046490574627738e+00 4.585990058430374772e-01 -4.208571030429175686e+00
1.262482180389862707e+00 4.228153437957107852e-01 2.985894904040778730e+00
2.576378350150446472e+00 9.511714322089492857e-01 2.708637226590378422e+00
-2.504086201480998142e+00 1.143399505398179361e+00 -2.190036106941441130e+00
2.448542511538544797e-01 1.229199824290471810e+00 1.991980850592710850e-01
2.648654053821086318e+00 1.868728568977627180e+00 1.417356216301735472e+00
-7.720988400376952443e-01 7.223767128774394308e-01 -1.068831298509330230e+00
8.880409234547484987e-01 1.203436151071164639e+00 7.379210959088385868e-01
-4.060433473806283056e-01 1.618448477633944449e-01 -2.508843209974991328e+00
2.199195900743383392e-01 4.586881968475128857e-01 4.794533445286118800e-01
-2.043498159529943514e+00 1.789966073233660304e-01 -1.141640721624553123e+01
4.380322116829022949e-01 4.591004801982309647e-01 9.541096787652415534e-01
-9.078380310318382440e-01 4.447754006508324309e-01 -2.041115650063861420e+00
6.635149668576798554e-01 6.289830992116014485e-01 1.054901105752066082e+00
-4.372544012408190184e-02 4.672560087868756207e-01 -9.357919278043122513e-02
4.695071851918393713e-01 5.051781087841995532e-01 9.293894114331110456e-01
3.127262457284153419e-01 2.323691428507151102e-01 1.345816582580095178e+00
-4.409715596501819768e-01 3.599959031077062943e-01 -1.224934939101928633e+00
7.310124911876689224e-02 5.052860284796548140e-02 1.446730069673998420e+00
-8.958574614034489625e-02 8.997338202747988400e-02 -9.956916603733246829e-01
