5.926967262865893288e-02
5.150112779757050341e-02
4.496162425313098704e-02
3.676852971189100566e-02
3.068803707867044303e-02
2.379626867092877324e-02
1.925981667776974909e-02
1.537576454447320967e-02
1.057853013141338110e-02
9.647741576426482543e-03
9.173513206933785538e-03
9.441871154597365409e-03
7.700866200261794782e-03
7.173536903962415660e-03
7.766659904350144659e-03
6.539940095755262389e-03
6.552098181387823288e-03
6.343139588180692762e-03
6.567386275419220994e-03
6.616421506257005869e-03
6.262958572416898496e-03
6.907907745095646229e-03
6.770782372656204869e-03
7.470755606431972277e-03
7.836387787785102990e-03
