7.599682717557575129e-02
6.859915690955629974e-02
5.783446073873689530e-02
4.479134076542427845e-02
3.454796455340675837e-02
2.659023051254304909e-02
2.344496261720361782e-02
1.930482917556843384e-02
1.271709676992209548e-02
1.105474583001301268e-02
9.415712266178717649e-03
9.436883772219384001e-03
7.432477626154804923e-03
6.133821840673583936e-03
6.041173712226014653e-03
5.380455879012036903e-03
4.830669139230106719e-03
4.809547152789865783e-03
4.310336233268677493e-03
4.538747655960651342e-03
4.344169877659674259e-03
4.422182145898602423e-03
4.356629042237817294e-03
5.017159456778989834e-03
5.418307748023058236e-03
