5.464708413790551056e-01
-2.024192238478565442e-01
1.258100819866622144e+00
-7.162073950420987600e+00
-1.310897585021485734e-01
-6.002801973802585067e+00
-1.762911384921340918e+00
-3.914115047171027317e+00
1.841293452434600519e+00
-8.802456484974885420e-01
-2.692044699391214380e+00
-2.455405196261663259e-01
-1.147038885109229467e+00
-1.930046490574627738e+00
1.262482180389862707e+00
2.576378350150446472e+00
-2.504086201480998142e+00
2.448542511538544797e-01
2.648654053821086318e+00
-7.720988400376952443e-01
8.880409234547484987e-01
-4.060433473806283056e-01
2.199195900743383392e-01
-2.043498159529943514e+00
4.380322116829022949e-01
-9.078380310318382440e-01
6.635149668576798554e-01
-4.372544012408190184e-02
4.695071851918393713e-01
3.127262457284153419e-01
-4.409715596501819768e-01
7.310124911876689224e-02
-8.958574614034489625e-02
