7.998296156612753061e-01 2.949265482061346963e-02 2.711962081834171912e+01
-1.375865009391211702e-01 1.310239372191691030e-02 -1.050086754063683792e+01
-6.187251095274034496e-01 3.150299139700827311e-01 -1.964020183766299610e+00
2.593161730022240929e-01 1.050914458247846905e-01 2.467528836120238545e+00
1.409598852605339903e-01 1.391942981023574499e-01 1.012684335366080823e+00
4.859849314719554281e-01 8.031509761547389603e-02 6.050978532065224513e+00
-1.742394101218589508e-01 5.546612422464435033e-02 -3.141366240341019189e+00
-6.168535842537905545e+00 6.809829376959298797e-01 -9.058282522332826048e+00
3.215905390650575929e-02 8.207022562863833248e-02 3.918480016373183661e-01
-2.971943319723933552e+00 6.967189079653434147e-01 -4.265627480102442526e+00
-1.095197348970819551e+00 3.933183071006481901e-01 -2.784506414268085539e+00
-3.009600479383173877e+00 9.306532553528791274e-01 -3.233858004657183205e+00
4.749797864192112584e+00 9.164031357224812213e-01 5.183087747127173905e+00
-2.774575327648338252e+00 8.146072137691237058e-01 -3.406028427873349695e+00
7.729935333280658627e-01 7.038375065646624851e-01 1.098255671399134048e+00
-1.091119835226130874e+00 2.338916907290892744e-01 -4.665064551138530469e+00
-3.578452006456742107e-01 3.243594410593773625e-01 -1.103236580618496498e+00
-2.674726957128250149e+00 3.134902661844753413e-01 -8.532089336242069777e+00
1.167181637008162909e+00 2.960008970116757010e-01 3.943169256551691149e+00
4.143995158414554680e+00 9.328984025770997723e-01 4.442064802519664291e+00
-5.800181513959031143e+00 9.084573218501795777e-01 -6.384649421005582859e+00
3.609889713433124037e+00 1.254238237702794079e+00 2.878153133048179324e+00
-1.858910497278530194e+00 1.235790358464882832e+00 -1.504228030705544894e+00
1.563220302709265708e+00 6.895730774094619431e-01 2.266939290295175269e+00
-1.426559916895405067e+00 6.703372025030719383e-01 -2.128122848573166692e+00
1.694317649095763711e-01 1.502800899854197514e-01 1.127439868621417096e+00
-2.296582780262548529e-01 2.715375684465478057e-01 -8.457698113013157881e-01
-1.748921838121466621e+00 1.746943217983455976e-01 -1.001132618460429846e+01
7.857010180710879421e-01 2.747956620792394444e-01 2.859219145331795886e+00
-1.282788395754942634e+00 4.346202834632033052e-01 -2.951515252655134258e+00
1.161102827455272157e+00 5.025389147384647925e-01 2.310473464646100705e+00
-1.526978008692450040e+00 4.812723218996547980e-01 -3.172794152518965571e+00
2.018563390912122557e+00 5.255690887142508982e-01 3.840719392098047802e+00
-3.057239040901721383e-01 2.216712189719611537e-01 -1.379177258590537525e+00
1.543937886722425712e-01 2.785519623668206712e-01 5.542728450389584616e-01
9.691972949388963365e-02 4.280838330396448399e-02 2.264036200706367019e+00
-7.625202714869022680e-02 4.532619951954466181e-02 -1.682294742487958850e+00
