5.944514920964553278e-02
5.117118286556001511e-02
4.488948353007457537e-02
3.696821484230053412e-02
3.086370146020027752e-02
2.383558371765099465e-02
1.917544838543124713e-02
1.526713387971075780e-02
1.053453699920149471e-02
9.621630522151548501e-03
9.179856407897325418e-03
9.484688273992725877e-03
7.734569310687286828e-03
7.197047601689054303e-03
7.798770594727402750e-03
6.527745827357363771e-03
6.533628637165549147e-03
6.319105094732928307e-03
6.555367862001656998e-03
6.613691632139691821e-03
6.259026342147877738e-03
6.916175474015187445e-03
6.772334665445460533e-03
7.473652808721347601e-03
7.840816374228247801e-03
