7.600697711706072557e-02
6.874545689316909070e-02
5.781613872956087308e-02
4.463806220027225630e-02
3.440089680237860131e-02
2.652782203371202227e-02
2.348569700826694251e-02
1.939665332958515065e-02
1.278513260891064353e-02
1.112440594923873663e-02
9.469702974228156461e-03
9.465473485018117972e-03
7.446150155042921548e-03
6.138262088585029301e-03
6.021393257255106858e-03
5.353302473464512275e-03
4.799636875032129574e-03
4.763243274179101636e-03
4.271614816683285201e-03
4.488084153357220843e-03
4.305984907476741001e-03
4.397564911776238351e-03
4.362213814208312085e-03
5.053620544378722643e-03
5.513602337289937559e-03
