7.998296156612753061e-01
-1.375865009391211702e-01
-6.187251095274034496e-01
2.593161730022240929e-01
1.409598852605339903e-01
4.859849314719554281e-01
-1.742394101218589508e-01
-6.168535842537905545e+00
3.215905390650575929e-02
-2.971943319723933552e+00
-1.095197348970819551e+00
-3.009600479383173877e+00
4.749797864192112584e+00
-2.774575327648338252e+00
7.729935333280658627e-01
-1.091119835226130874e+00
-3.578452006456742107e-01
-2.674726957128250149e+00
1.167181637008162909e+00
4.143995158414554680e+00
-5.800181513959031143e+00
3.609889713433124037e+00
-1.858910497278530194e+00
1.563220302709265708e+00
-1.426559916895405067e+00
1.694317649095763711e-01
-2.296582780262548529e-01
-1.748921838121466621e+00
7.857010180710879421e-01
-1.282788395754942634e+00
1.161102827455272157e+00
-1.526978008692450040e+00
2.018563390912122557e+00
-3.057239040901721383e-01
1.543937886722425712e-01
9.691972949388963365e-02
-7.625202714869022680e-02
