5.941294566869592675e-02
5.131181277064767593e-02
4.485094629723920118e-02
3.690548520579010894e-02
3.076289157205980285e-02
2.387740536464174473e-02
1.922469338852032111e-02
1.530367058574873262e-02
1.061624186894000177e-02
9.629428720467167468e-03
9.142705323545373755e-03
9.401204273235113165e-03
7.706717843020311626e-03
7.189209624099322793e-03
7.786475187916838507e-03
6.558414514843121518e-03
6.557813405738441119e-03
6.340580611115737182e-03
6.551949984616870296e-03
6.594465422432613938e-03
6.241867405291185063e-03
6.894923373362390334e-03
6.763056867708294902e-03
7.474728241584877898e-03
7.829914597592111530e-03
