-1.116449143746262962e+01 6.762128414098095286e-02
1.278659765730709719e+00 4.449557755387022695e+01
-1.475199136873504635e+01 9.173843089208661983e-01
5.408047640709767734e+00 1.447560006321885737e+02
-1.319651235393269317e+01 6.406918555214627942e-01
4.981817945758708177e+00 4.875560609247397110e+02
-1.215237054471086209e+00 1.706037279534466378e-01
4.211171823571439710e+00 6.036320013774663096e+01
-2.063989619041011192e+00 1.319768974959409369e-01
6.817349415920969768e+00 6.362632004363254055e+02
1.092943001466172737e+00 1.493821724296538755e-01
1.657636549652139912e+00 2.145670437979189243e-02
-5.647500176260654703e-01 9.098432656863132684e-02
-6.386508700055225640e-01 1.654869888070311865e-02
2.632662955873586696e+01 1.358375229690638175e+00
-1.667191450883978021e+01 1.041171902557947782e+00
-1.684904586642289104e+01 1.826812848482033180e+00
1.015504508553057406e+01 1.194492677110112311e+00
6.113131841423741442e+00 1.314181368815916073e+00
-3.884593682325446107e+00 8.562890890752625772e-01
-9.595577315723768930e-01 5.139992647963325112e-01
8.524388927558069762e-01 3.000897890890968922e-01
1.289596981842390555e+01 1.065457792777405155e+00
-1.150152192879890833e+01 8.714833467765978892e-01
-5.569303245869637209e+00 1.214499448939661663e+00
4.899023566196583523e+00 8.887150281178733957e-01
1.058419199512421915e+00 6.382432371971061835e-01
-9.900979750712096683e-01 4.278597272178080169e-01
1.166668111395419982e-01 1.064748540313036756e-01
-9.484970060761697963e-02 8.361417200182144627e-02
