7.581618697691311359e-02
6.873086243863352207e-02
5.809446498615226939e-02
4.487934756083764715e-02
3.443821992857031694e-02
2.634606111081770966e-02
2.344228200159094444e-02
1.936864559439837805e-02
1.254777300761445932e-02
1.102883377517226669e-02
9.455410741832094915e-03
9.612264483258510170e-03
7.535794728149344812e-03
6.194062286941527141e-03
6.113091593019533837e-03
5.412445200937306827e-03
4.825720377388669283e-03
4.777699852298544075e-03
4.236480734753385671e-03
4.442978998356139284e-03
4.231934795159539471e-03
4.317593562296866833e-03
4.292670844104053314e-03
5.058979278426621942e-03
5.629210655570038302e-03
