-1.116453727485403036e+01
1.166571468985186266e+00
-1.475737017786868499e+01
4.959887386855038827e+00
-1.320117325373487027e+01
5.273298619256745035e+00
-1.215415603492442598e+00
4.851396630887355954e+00
-2.063721370257242782e+00
6.442987281029912694e+00
1.093562815847959779e+00
1.657528125384540640e+00
-5.643059516444856039e-01
-6.384847065584743353e-01
2.633614014433704398e+01
-1.667898551011222352e+01
-1.685902568266281065e+01
1.016173801304263513e+01
6.119653060255124899e+00
-3.888982943896023503e+00
-9.631724382175085308e-01
8.547302290647510459e-01
1.290206986235154396e+01
-1.150670582777146045e+01
-5.574978683722634720e+00
4.903006973437876503e+00
1.062698373257348283e+00
-9.930989101894687199e-01
1.160938420159299961e-01
-9.450707374266568983e-02
