-7.867850770111209258e+00 7.777536788358507813e-02 -1.011612157449114733e+02
-2.212542202925464330e-01 9.001319132172146131e-02 -2.458019952895000415e+00
-1.867560591122049196e+00 3.321479630694584850e-01 -5.622676634423636521e+00
-1.259565193381066539e+00 3.831242940877003234e-01 -3.287615045087017407e+00
-7.356493154195511419e-01 6.808788111915666796e-01 -1.080440899801440091e+00
1.696469805540306686e+00 7.284500928434879397e-01 2.328875817584395325e+00
1.320912074989925467e+00 6.194973423101386434e-01 2.132232028735061125e+00
-3.316046427714968381e+00 7.205144478254118523e-01 -4.602331622527687571e+00
1.703962434436599171e-01 1.931149397286595626e-01 8.823566094010072414e-01
5.865833877015269593e-01 2.649047551264501199e-01 2.214318076025196813e+00
-4.277140970430715616e-01 2.146232511603326232e-01 -1.992860022065135350e+00
1.247714838464877740e+00 2.951368064776323519e-01 4.227581281223352860e+00
3.323880326966836662e+00 7.034963821559200303e-01 4.724800882103393107e+00
1.043923013791764109e+00 8.091235634892239847e-01 1.290189855910267580e+00
-5.427002423830840083e-01 1.056282388831438102e+00 -5.137832914013378272e-01
-7.603401688349314957e-01 1.161992320280570645e+00 -6.543418192741088379e-01
-1.601158484171391727e+00 7.027264184270721747e-01 -2.278494791408724129e+00
-9.684141494698506047e-02 8.196801932615112030e-01 -1.181453641836246321e-01
-6.473833516253193476e-01 1.711032442721361346e-01 -3.783583148170292176e+00
1.625195526127964918e+00 2.384504215034412566e-01 6.815653819695640436e+00
-5.967592515936827047e-01 1.266927807034702591e-01 -4.710286160585760662e+00
-2.738491802943608278e+00 1.932699984995573106e-01 -1.416925453616061858e+01
-9.967288901995743355e-01 3.388980988241493408e-01 -2.941087287470345313e+00
4.411520491807042532e+00 4.159252858058394842e-01 1.060652151325661485e+01
4.323597794683704532e-01 3.974111265048297925e-01 1.087940801433791682e+00
-6.987647139916687289e-01 4.783725994545961480e-01 -1.460712245618471572e+00
8.239856504723780395e-01 2.184160905883404391e-01 3.772550127844676027e+00
-1.652642433317909276e+00 2.720749818773813833e-01 -6.074216827707890509e+00
9.209824454341658528e-02 5.299062222163340719e-02 1.738010249402534901e+00
6.186913341709249919e-02 6.233171311509944079e-02 9.925787424267842329e-01
