5.923308829323997715e-02
5.150542127043523932e-02
4.498442324690130750e-02
3.686472960653564002e-02
3.062526368614168493e-02
2.374722271980431523e-02
1.916530858333273177e-02
1.530985688610362813e-02
1.064725382433950179e-02
9.679778271669022341e-03
9.189625822550799919e-03
9.445356990902405506e-03
7.731377752803473419e-03
7.200498171381113782e-03
7.782102427851776520e-03
6.541155993202975479e-03
6.539375447132225391e-03
6.318910319509890398e-03
6.542439710998486369e-03
6.597693081018355180e-03
6.251823654339202715e-03
6.920823961334830743e-03
6.790972325167132957e-03
7.493584287474409043e-03
7.820691908969164968e-03
