7.599362632818729146e-02
6.826726720757124445e-02
5.766975259475034393e-02
4.480898812712181406e-02
3.469670570419846473e-02
2.673630714821008739e-02
2.382882917840503656e-02
1.961933004460795008e-02
1.261768001404359532e-02
1.098060036328275119e-02
9.329598526394068669e-03
9.432929718572251668e-03
7.360645382101346952e-03
6.041231171367852405e-03
5.978484013860634917e-03
5.316392517239970118e-03
4.767121090306526178e-03
4.760170897552759746e-03
4.261714559101538284e-03
4.509762828702069265e-03
4.327361160759278340e-03
4.427096813425487713e-03
4.382915440969909274e-03
5.086806613078713804e-03
5.525776297647488726e-03
