-7.867850770111209258e+00
-2.212542202925464330e-01
-1.867560591122049196e+00
-1.259565193381066539e+00
-7.356493154195511419e-01
1.696469805540306686e+00
1.320912074989925467e+00
-3.316046427714968381e+00
1.703962434436599171e-01
5.865833877015269593e-01
-4.277140970430715616e-01
1.247714838464877740e+00
3.323880326966836662e+00
1.043923013791764109e+00
-5.427002423830840083e-01
-7.603401688349314957e-01
-1.601158484171391727e+00
-9.684141494698506047e-02
-6.473833516253193476e-01
1.625195526127964918e+00
-5.967592515936827047e-01
-2.738491802943608278e+00
-9.967288901995743355e-01
4.411520491807042532e+00
4.323597794683704532e-01
-6.987647139916687289e-01
8.239856504723780395e-01
-1.652642433317909276e+00
9.209824454341658528e-02
6.186913341709249919e-02
