9.637529240965748700e-01 4.193469489055919042e-02 2.298223288882318016e+01
-2.025962086882967805e-01 1.793482543513382974e-02 -1.129624647984676677e+01
8.064168064664747893e-02 2.323511715572613712e-01 3.470681043102633034e-01
1.220965722757756389e+00 8.199366842741583061e-02 1.489097568355055934e+01
-8.173509444200407259e+00 9.724419437847904302e-01 -8.405138729813234733e+00
-2.508731462114994759e-01 1.371373888558935494e-01 -1.829356299580135126e+00
-7.098897764201641536e+00 1.513940464908945183e+00 -4.689020426327398461e+00
-2.394697272168667013e+00 6.272816443298596667e-01 -3.817579063272257489e+00
-4.834103698691134987e+00 1.468394554930124496e+00 -3.292101351411761634e+00
2.035857386535803393e+00 9.462810003983304075e-01 2.151430056905743182e+00
-1.397814226684913397e+00 8.525751972700831294e-01 -1.639520163336521064e+00
-2.303144875318282381e+00 8.820734550693775100e-01 -2.611057913693971777e+00
-3.574351725601871421e-01 2.068502148946869679e-01 -1.727990337076357630e+00
-1.751552322125477845e+00 7.402060722434439244e-01 -2.366303638683763033e+00
-4.389254713255850149e+00 5.551158858687410547e-01 -7.906916060214683739e+00
1.924656354122642021e+00 4.285108166841192778e-01 4.491500048974073955e+00
9.555558215363949559e-01 1.099904040127959171e+00 8.687628981026642716e-01
-1.789206967041644170e+00 1.260558868391595810e+00 -1.419375970377785290e+00
5.765734948385975445e-01 1.324170019784937979e+00 4.354225561852249071e-01
3.906976817551008896e+00 1.739042120871755914e+00 2.246625754868145197e+00
6.478534017860611005e-01 7.193862491050359020e-01 9.005640608116065593e-01
2.630469289800590471e-01 8.877263029226674096e-01 2.963153486767575173e-01
1.155952347100811239e-01 1.532658609805435113e-01 7.542138475622792715e-01
-1.027906677847699957e+00 4.890181335734334889e-01 -2.101980698213401055e+00
-1.400887058593213164e+00 2.215682405088814921e-01 -6.322598651213548138e+00
-5.171313637098208238e-01 5.136798754897472508e-01 -1.006719142377892284e+00
2.303621068909210146e-01 5.273988973239299716e-01 4.367891325897708676e-01
-1.253288910150083035e+00 6.620154692159756493e-01 -1.893141427094372942e+00
-7.069476778924433935e-01 5.101916577635232652e-01 -1.385651190361324225e+00
1.660130133182503132e+00 5.796603078693682853e-01 2.863970692222432834e+00
-4.772425833050476518e-01 2.582843467483595390e-01 -1.847741023849246433e+00
8.119780262343656574e-01 4.133387553352694255e-01 1.964437197706636384e+00
-6.310930059009195459e-02 5.412633054691576295e-02 -1.165963034116822561e+00
-1.080922127689887408e-01 7.521536114213843438e-02 -1.437102888660219069e+00
