5.936715965866597861e-02
5.137831812093679451e-02
4.486633965471954755e-02
3.685512373124169572e-02
3.073305143461546249e-02
2.385058860605642275e-02
1.924124985736924004e-02
1.533341694471155627e-02
1.060186425252021558e-02
9.634097401128648847e-03
9.146590532427818429e-03
9.407293193680540955e-03
7.701482685953136252e-03
7.185685632493261574e-03
7.777683430549645061e-03
6.560250254217299230e-03
6.568568205965782079e-03
6.353738517826923969e-03
6.569114318584738481e-03
6.610386781889750207e-03
6.252645719766740384e-03
6.894409116710590625e-03
6.761217864409226411e-03
7.469323595637226108e-03
7.849077357146964223e-03
