7.600730014287132574e-02
6.869765987003312313e-02
5.792454955901272379e-02
4.466976915536185339e-02
3.432700540631725139e-02
2.639040480882431233e-02
2.352689101119333909e-02
1.947521463427354105e-02
1.273757589666073969e-02
1.113138011532554573e-02
9.487925808373430178e-03
9.526631409530609759e-03
7.462648593412106457e-03
6.129747254992211000e-03
6.020794060736392797e-03
5.341591562351444625e-03
4.780336941454807823e-03
4.750969690953625764e-03
4.252162848395820045e-03
4.481567960036511762e-03
4.298529443319618580e-03
4.395290794096737633e-03
4.358218599174456219e-03
5.064957597383318300e-03
5.528104199920748189e-03
