9.637529240965748700e-01
-2.025962086882967805e-01
8.064168064664747893e-02
1.220965722757756389e+00
-8.173509444200407259e+00
-2.508731462114994759e-01
-7.098897764201641536e+00
-2.394697272168667013e+00
-4.834103698691134987e+00
2.035857386535803393e+00
-1.397814226684913397e+00
-2.303144875318282381e+00
-3.574351725601871421e-01
-1.751552322125477845e+00
-4.389254713255850149e+00
1.924656354122642021e+00
9.555558215363949559e-01
-1.789206967041644170e+00
5.765734948385975445e-01
3.906976817551008896e+00
6.478534017860611005e-01
2.630469289800590471e-01
1.155952347100811239e-01
-1.027906677847699957e+00
-1.400887058593213164e+00
-5.171313637098208238e-01
2.303621068909210146e-01
-1.253288910150083035e+00
-7.069476778924433935e-01
1.660130133182503132e+00
-4.772425833050476518e-01
8.119780262343656574e-01
-6.310930059009195459e-02
-1.080922127689887408e-01
