3.241207814295127942e+00 4.382123918816137054e-01 7.396431215415661065e+00
2.951552305452961877e-01 4.613669231039681934e-02 6.397407697967621765e+00
2.324360778854354878e-08 2.452372254195020126e-02 9.478009608363129431e-07
-7.831621182931637115e+00 1.266802508407013084e-01 -6.182195828440373475e+01
-1.105207308520999437e-01 7.577529222325425640e-02 -1.458532558693094172e+00
-1.564328872139933324e+00 2.928715372436213049e-01 -5.341348247298839169e+00
-1.652096984700773374e+00 3.410419755900006011e-01 -4.844262885360827831e+00
-1.248300170424568201e+00 5.948077274774494771e-01 -2.098661656126338926e+00
2.381768647649821435e+00 6.338628756998063718e-01 3.757545581164170923e+00
1.244365309495524402e-01 5.335425861077146559e-01 2.332269891656417460e-01
-1.764665230168626531e+00 6.281542872277843248e-01 -2.809286294863279743e+00
-2.339007991144338161e-01 1.647753563345093486e-01 -1.419513234974248084e+00
8.073954393787537986e-01 2.229295367320285048e-01 3.621751748173594354e+00
-4.878183622302646461e-01 1.878376647319827952e-01 -2.597021012406169671e+00
2.014495233474626001e+00 2.716637249313753610e-01 7.415400175284738715e+00
2.396682002845365478e+00 6.287505806381046281e-01 3.811816762718576612e+00
2.745740401045200230e-01 7.123816501088833242e-01 3.854310959056188590e-01
1.163987079901242616e+00 9.215327366961194588e-01 1.263099001858979831e+00
-1.213249477296537426e+00 1.024289774480089177e+00 -1.184478755450195431e+00
3.422836486661969269e-01 6.051192049591251898e-01 5.656466459188278506e-01
-1.586991574001184180e+00 6.909810449703985835e-01 -2.296722298755923930e+00
-1.192936875261546154e-01 1.483795538586873686e-01 -8.039765885788190403e-01
6.463151684521448725e-01 2.118305523664436862e-01 3.051095138222036596e+00
-1.998916621997237353e-01 1.108486169777036373e-01 -1.803285125694715996e+00
-3.267225342436810731e+00 1.716261163457353245e-01 -1.903687744034882101e+01
-4.446530120099858596e-01 3.080493693797753951e-01 -1.443447239983796537e+00
2.745860666510398396e+00 3.911359880595610128e-01 7.020219949927662739e+00
-6.912944373136848952e-01 3.456235188686963555e-01 -2.000137142218930464e+00
1.118389241388646926e+00 4.131587189025690554e-01 2.706923974300504021e+00
1.952814599022988443e-02 1.914932056397865012e-01 1.019782708477074279e-01
-5.491102106717759002e-01 2.429684140262830805e-01 -2.260006564525609551e+00
5.397456643603062987e-02 4.587158408032494111e-02 1.176644921211281725e+00
-6.678749183422030833e-02 5.352303031490650981e-02 -1.247827177222055717e+00
