5.924419476611886282e-02
5.149364626827704350e-02
4.500448766160262959e-02
3.686449800180734843e-02
3.058397314261330352e-02
2.373477305054683822e-02
1.918654901927624445e-02
1.535508732169967375e-02
1.069328440798303359e-02
9.683440155715228662e-03
9.168080270070898263e-03
9.405652548757114859e-03
7.708173963428732213e-03
7.185616504432402671e-03
7.769120391085024627e-03
6.545775081996138382e-03
6.550929693884873645e-03
6.335952489338281431e-03
6.558792390124867228e-03
6.609214085679364185e-03
6.255517276421517121e-03
6.912390440057677825e-03
6.776028080835673137e-03
7.480263434547169965e-03
7.835106393500690034e-03
