7.597159643804338169e-02
6.831624024137200601e-02
5.788975123420020408e-02
4.493166633709735902e-02
3.447924014930252301e-02
2.624272160361373549e-02
2.333438259048933178e-02
1.960586125388105033e-02
1.349768110880650296e-02
1.136291708338194040e-02
9.415735486155365694e-03
9.364077408237227174e-03
7.237689889451046077e-03
5.918066314158569423e-03
5.868969341746336013e-03
5.239462458143549425e-03
4.721962143273327785e-03
4.739636890377939976e-03
4.259519653145812414e-03
4.517212294473583155e-03
4.337047473369801814e-03
4.435486727763166340e-03
4.390286184215266493e-03
5.100985351695687918e-03
5.560901602227179621e-03
