3.241207814295127942e+00
2.951552305452961877e-01
2.324360778854354878e-08
-7.831621182931637115e+00
-1.105207308520999437e-01
-1.564328872139933324e+00
-1.652096984700773374e+00
-1.248300170424568201e+00
2.381768647649821435e+00
1.244365309495524402e-01
-1.764665230168626531e+00
-2.339007991144338161e-01
8.073954393787537986e-01
-4.878183622302646461e-01
2.014495233474626001e+00
2.396682002845365478e+00
2.745740401045200230e-01
1.163987079901242616e+00
-1.213249477296537426e+00
3.422836486661969269e-01
-1.586991574001184180e+00
-1.192936875261546154e-01
6.463151684521448725e-01
-1.998916621997237353e-01
-3.267225342436810731e+00
-4.446530120099858596e-01
2.745860666510398396e+00
-6.912944373136848952e-01
1.118389241388646926e+00
1.952814599022988443e-02
-5.491102106717759002e-01
5.397456643603062987e-02
-6.678749183422030833e-02
