-5.973799939218296551e+00
-6.863654472420672725e+00
-7.673228033340069310e+00
-8.449864481509861136e+00
-9.160600238786946292e+00
-9.834417446803271901e+00
-1.042437760698828342e+01
-1.094917318496897884e+01
-1.145749149839714143e+01
-1.179128143645126947e+01
-1.204053017871189013e+01
-1.220057265282088821e+01
-1.239244314649893575e+01
-1.249196798463557023e+01
-1.250147796674753309e+01
-1.257678779074952757e+01
-1.257431840021302882e+01
-1.258065602443659614e+01
-1.257197818195299099e+01
-1.259795545693821950e+01
-1.268680688506083420e+01
-1.277326005120621311e+01
-1.297137239197406089e+01
-1.319999535242925681e+01
-1.348076361514218036e+01
-5.190052343203205076e+00
-5.541220003820624740e+00
-6.381881100681265906e+00
-7.190819905051221816e+00
-7.931055249384334260e+00
-8.632027557765386661e+00
-9.248244802286809119e+00
-9.800246705155776894e+00
-1.033889789377877655e+01
-1.070560589291454257e+01
-1.099093884896234208e+01
-1.118979037810390231e+01
-1.142481618980720270e+01
-1.156933298306429059e+01
-1.162527033706615143e+01
-1.174947929995678741e+01
-1.179569434584251120e+01
-1.184977193906161830e+01
-1.188597713065945882e+01
-1.195183334631895633e+01
-1.207287859156446785e+01
-1.218137240792221299e+01
-1.238805753206507809e+01
-1.260933711176027927e+01
-1.286452128526453009e+01
-5.071134366114588232e+00
-4.920706657065820444e+00
-5.175720529039766760e+00
-6.002052194353546533e+00
-6.765706196244093640e+00
-7.491162812636616763e+00
-8.131437497176401408e+00
-8.707705619130795327e+00
-9.272452595626392124e+00
-9.667110040251349901e+00
-9.983101009506180290e+00
-1.021528260637757946e+01
-1.048767844844242703e+01
-1.067165364092178415e+01
-1.076857666633065946e+01
-1.093624374025659485e+01
-1.102582768954766834e+01
-1.112257441695917493e+01
-1.119893266290117673e+01
-1.130057431505958121e+01
-1.145066842720249944e+01
-1.157894953925743664e+01
-1.179335042866896011e+01
-1.200765587934884771e+01
-1.223957171734658189e+01
-4.935615736409138421e+00
-4.776287869748530035e+00
-4.617806621755812913e+00
-4.884654252002524899e+00
-5.659457704393085820e+00
-6.401542720588969004e+00
-7.061351532395024222e+00
-7.658112551051368122e+00
-8.244693016445015843e+00
-8.662502889236547432e+00
-9.003803926490702381e+00
-9.263679730952755875e+00
-9.567397779992029783e+00
-9.784921860518121406e+00
-9.917073738298652685e+00
-1.012248201754436572e+01
-1.024997196329183602e+01
-1.038424608824982620e+01
-1.049603301341261208e+01
-1.062937037627264836e+01
-1.080528987617116954e+01
-1.095099229490555004e+01
-1.117199478514865341e+01
-1.137947737562052275e+01
-1.159026155710911610e+01
-4.809132315646830413e+00
-4.641851648581290846e+00
-4.476361062185281625e+00
-4.377802675189697013e+00
-4.653289047574935111e+00
-5.402727735463590975e+00
-6.073979409436660148e+00
-6.685479374180283152e+00
-7.288815213136643933e+00
-7.724738427311402589e+00
-8.085937980846694018e+00
-8.367775468895858992e+00
-8.696676407459849045e+00
-8.941620444268547629e+00
-9.102988999137782145e+00
-9.340200885986885027e+00
-9.499956104956234881e+00
-9.666493369050847662e+00
-9.808917043357226362e+00
-9.969811168599804319e+00
-1.016826765883623196e+01
-1.032897228897114417e+01
-1.055540572148754919e+01
-1.075623027257410946e+01
-1.094813870767076835e+01
-4.686855255105338180e+00
-4.509154107034025749e+00
-4.337218561871330813e+00
-4.231984286087817182e+00
-4.172662350355204275e+00
-4.496021595371353818e+00
-5.171349187710982065e+00
-5.789840220504539836e+00
-6.403410709051147620e+00
-6.851741975844455546e+00
-7.227127491135584947e+00
-7.525009316907881107e+00
-7.872870239507925305e+00
-8.138959484353643248e+00
-8.323336354609665477e+00
-8.586272760987508690e+00
-8.772500339457915075e+00
-8.965929445323114422e+00
-9.134128404923782085e+00
-9.318409234647214490e+00
-9.536120736829174049e+00
-9.709437610963442822e+00
-9.940244393794079869e+00
-1.013477173607963167e+01
-1.031051716041542221e+01
-4.634516833338752306e+00
-4.442410267302104643e+00
-4.261605814539357162e+00
-4.150154240838779707e+00
-4.083760667670858879e+00
-4.097924841474785751e+00
-4.420282552348792748e+00
-5.039849022894036246e+00
-5.656472901469694392e+00
-6.110699878244068906e+00
-6.494094934614346393e+00
-6.801813555909940412e+00
-7.162309602519481011e+00
-7.443150948286676893e+00
-7.644157746401115894e+00
-7.926694342816889893e+00
-8.133500898060590956e+00
-8.348408504577808031e+00
-8.537503061194735565e+00
-8.741050448002816609e+00
-8.974884199428828424e+00
-9.158581370665515919e+00
-9.393059067126952044e+00
-9.582132847360737671e+00
-9.745538066596617810e+00
-4.539924923477325791e+00
-4.326725691117282224e+00
-4.132895833987478618e+00
-4.012647274738335490e+00
-3.939221180188524851e+00
-3.944691780511278001e+00
-3.985858703578820439e+00
-4.318349347013841211e+00
-4.933619891353130171e+00
-5.387500378019909775e+00
-5.772614990486211184e+00
-6.083765705720876049e+00
-6.450654775805033658e+00
-6.739842042483048523e+00
-6.950948811291686624e+00
-7.247146982838052587e+00
-7.468655943833559796e+00
-7.699771576333774625e+00
-7.905028892417823805e+00
-8.124017316297845070e+00
-8.371380851925771083e+00
-8.563714811051804432e+00
-8.802147880252080725e+00
-8.987874645682479624e+00
-9.145690316329732283e+00
-4.300500363640996859e+00
-4.049301059012686999e+00
-3.833282081222540771e+00
-3.698479668780026319e+00
-3.614150341931987587e+00
-3.610583680909751347e+00
-3.640751916516834275e+00
-3.724063330331164323e+00
-4.109813813193383680e+00
-4.560903222840203775e+00
-4.943576353163479986e+00
-5.252585182881581716e+00
-5.621114462137684953e+00
-5.912945674219782788e+00
-6.127572507711747107e+00
-6.432810955918907503e+00
-6.663674181977728317e+00
-6.906718167842875289e+00
-7.124304461108534881e+00
-7.356317533228408756e+00
-7.616915648127609906e+00
-7.818052369196109019e+00
-8.064456366886069816e+00
-8.253508588332946871e+00
-8.422844068173221288e+00
-4.387906753813206606e+00
-4.116230211475571998e+00
-3.884846540136770887e+00
-3.738256120692013518e+00
-3.644457386292363932e+00
-3.632435754268954042e+00
-3.653861849904647130e+00
-3.725970878722439483e+00
-3.898936056390736482e+00
-4.159231824226795382e+00
-4.531907309250802207e+00
-4.832133021386578520e+00
-5.193285907978631322e+00
-5.479890056945981414e+00
-5.691654346007346099e+00
-5.996605814882279617e+00
-6.229442349733025353e+00
-6.476441713502057773e+00
-6.699155468771832211e+00
-6.936573171359672330e+00
-7.201632416296423145e+00
-7.404473288069431725e+00
-7.648419985824409295e+00
-7.828696006784257477e+00
-7.982111382033409086e+00
-4.487542290437651182e+00
-4.192614445251749089e+00
-3.943220692386139703e+00
-3.782367325519469414e+00
-3.676855621778822414e+00
-3.654533504434463786e+00
-3.665979166617170382e+00
-3.727224669969706916e+00
-3.886315590347548810e+00
-3.974911192838899598e+00
-4.193041784194980970e+00
-4.478718797443512756e+00
-4.826496466441136057e+00
-5.101386048382829053e+00
-5.303701512880665270e+00
-5.601743507982317460e+00
-5.830209303040690294e+00
-6.075204748403739252e+00
-6.297662015195252039e+00
-6.535812237171587213e+00
-6.801538093950114217e+00
-7.003350177374390917e+00
-7.243311662235051074e+00
-7.414637837906528972e+00
-7.553461072450674330e+00
-4.689402040927215687e+00
-4.368363319899322583e+00
-4.098272006280666346e+00
-3.920645658669436262e+00
-3.801122270636696943e+00
-3.766524279398746344e+00
-3.766428217774548948e+00
-3.815909623554173624e+00
-3.961926091756512225e+00
-4.034796527098479579e+00
-4.120512465526570800e+00
-4.280735218442608847e+00
-4.609618309164723371e+00
-4.866824951164704594e+00
-5.053421787355787842e+00
-5.338197967504008545e+00
-5.556064170606966002e+00
-5.793149174122177669e+00
-6.009976586861371928e+00
-6.244179322172870528e+00
-6.506763431481777715e+00
-6.704804348089353105e+00
-6.939250094067124230e+00
-7.101460461074636576e+00
-7.227046564655312366e+00
-4.795895629530035009e+00
-4.445774515785791969e+00
-4.152253617602482905e+00
-3.955321274559240319e+00
-3.819460815729066372e+00
-3.770553047113708534e+00
-3.757234237995114690e+00
-3.793744728231176033e+00
-3.926256262484629556e+00
-3.984132732819695377e+00
-4.052361180036748500e+00
-4.114532111535678105e+00
-4.343482009056162774e+00
-4.577220372269657389e+00
-4.742182810780001034e+00
-5.007770470197642432e+00
-5.209079534338822981e+00
-5.432537773233275580e+00
-5.638468550250237854e+00
-5.864103099035631317e+00
-6.119765903084947389e+00
-6.311303265781583960e+00
-6.538709664033434343e+00
-6.691648882999116310e+00
-6.805381574962999558e+00
-4.947244739768433597e+00
-4.564882520426591483e+00
-4.245118908550612247e+00
-4.026316847874706895e+00
-3.871774897549149053e+00
-3.806490967608032072e+00
-3.778210224388833804e+00
-3.800420689093160220e+00
-3.918661695952188939e+00
-3.961324050652916817e+00
-4.012902735747723604e+00
-4.056113904664639946e+00
-4.213599208217945424e+00
-4.371119602997621811e+00
-4.508606696351391108e+00
-4.749420405831144443e+00
-4.928527794597099998e+00
-5.132935187903862939e+00
-5.322916684602512660e+00
-5.535520153862105275e+00
-5.780587668381380162e+00
-5.962939460981348638e+00
-6.181816122940037239e+00
-6.325350669029244699e+00
-6.428646761606893634e+00
-5.205838124016873181e+00
-4.787797201687154391e+00
-4.438839137155007109e+00
-4.195546529413086034e+00
-4.019953089066424567e+00
-3.936205068911605487e+00
-3.891192135680021202e+00
-3.897717244581986762e+00
-4.000792889601989089e+00
-4.027783085971958776e+00
-4.062833322390474677e+00
-4.088020140264334579e+00
-4.225603350490684029e+00
-4.328005393262138512e+00
-4.413306368398816737e+00
-4.623821458039199861e+00
-4.775263598996181358e+00
-4.955437155363418000e+00
-5.124655692153173625e+00
-5.319995655979518290e+00
-5.550992760707075035e+00
-5.721591022828595996e+00
-5.930534517374375092e+00
-6.064578805826101870e+00
-6.158898464396742156e+00
-5.436766159851426750e+00
-4.979186063587670574e+00
-4.597862496611854866e+00
-4.327358159402016291e+00
-4.128299081236584733e+00
-4.023978063784536374e+00
-3.960443080145938932e+00
-3.949870327919642321e+00
-4.036832672320797677e+00
-4.047610959227089467e+00
-4.066088342260098187e+00
-4.073730976896631439e+00
-4.192752741939351324e+00
-4.274497613188125378e+00
-4.309832022002821006e+00
-4.494062863232802130e+00
-4.612482333307155180e+00
-4.763324625914692412e+00
-4.907094217128065594e+00
-5.081114926007584742e+00
-5.294779363872534006e+00
-5.451211421808398683e+00
-5.648966314934779298e+00
-5.773520368962526739e+00
-5.860383954779410765e+00
-5.693183260953563085e+00
-5.191590169337221283e+00
-4.774385160590800758e+00
-4.473770872129181342e+00
-4.248746079290794952e+00
-4.121707648120854550e+00
-4.037838361252239494e+00
-4.008736844679678946e+00
-4.078616752935091405e+00
-4.072608219727232637e+00
-4.074412690304272999e+00
-4.064887868738265908e+00
-4.166347043813080298e+00
-4.229049497279231851e+00
-4.243334438297310385e+00
-4.373113391168133468e+00
-4.491024467909802809e+00
-4.607571655652275666e+00
-4.721222799639268608e+00
-4.869907959143588982e+00
-5.063077428823095971e+00
-5.203036338074517708e+00
-5.388485910477110785e+00
-5.503646792554620859e+00
-5.584643621206044628e+00
-6.021116925832172839e+00
-5.470512375535082406e+00
-5.013447906499150619e+00
-4.679539805312769474e+00
-4.425890381005205043e+00
-4.273919605837503077e+00
-4.167863852127337232e+00
-4.118780120574352388e+00
-4.170601588475892463e+00
-4.147209391246619248e+00
-4.132216522371365386e+00
-4.105865518889178389e+00
-4.190687731945856420e+00
-4.235750896536689680e+00
-4.230923091049227480e+00
-4.340570513360851201e+00
-4.390264289397888042e+00
-4.531757770129879681e+00
-4.610802465627281244e+00
-4.730107497539473016e+00
-4.899602925683891996e+00
-5.020797165818454921e+00
-5.192880786372372270e+00
-5.298804403838760280e+00
-5.375582935423405040e+00
-6.322244417377485881e+00
-5.717776145811738431e+00
-5.216535961873915994e+00
-4.845788359122105149e+00
-4.560605573152105130e+00
-4.381359351008295988e+00
-4.251190086919704569e+00
-4.180631230535968967e+00
-4.213414693213966444e+00
-4.172018188506198655e+00
-4.140086387606265461e+00
-4.097232137875543856e+00
-4.166336440707346433e+00
-4.195129175822343903e+00
-4.172996796130564512e+00
-4.265044433977790206e+00
-4.295046208236213303e+00
-4.350171883171370268e+00
-4.475743744625233944e+00
-4.561789269317563011e+00
-4.704375402694280339e+00
-4.804473086623237243e+00
-4.962128794820759303e+00
-5.059002554957015896e+00
-5.133281831423966324e+00
-6.722127749216119774e+00
-6.059591806203866504e+00
-5.509990998891607816e+00
-5.098600995512362566e+00
-4.778676830176243229e+00
-4.569616401278623563e+00
-4.413279868479980550e+00
-4.319681112962247660e+00
-4.332433145206594283e+00
-4.272372918269009112e+00
-4.223335408382067335e+00
-4.164277896067413387e+00
-4.218596059843449986e+00
-4.232486014563819232e+00
-4.194832168752550494e+00
-4.271694892326722837e+00
-4.284952368349006058e+00
-4.321935508298925477e+00
-4.342234183364529265e+00
-4.489765723772419115e+00
-4.602335472186047660e+00
-4.678952747887128005e+00
-4.821089312190677489e+00
-4.909127934137379690e+00
-4.982734578486676114e+00
-7.099941675268123475e+00
-6.375655874940479251e+00
-5.773976136915489832e+00
-5.318196433616165564e+00
-4.960119860968339012e+00
-4.718486070663917786e+00
-4.533755651050515922e+00
-4.415440613574614481e+00
-4.407132096388964193e+00
-4.327688629186367208e+00
-4.261339081774784709e+00
-4.186343630341488264e+00
-4.226826052732005401e+00
-4.227188292940349257e+00
-4.175787797246729660e+00
-4.239895921220165675e+00
-4.239210348227106628e+00
-4.261538090427946734e+00
-4.265347358731295557e+00
-4.294267229459949320e+00
-4.472566068442696441e+00
-4.523387973472006607e+00
-4.648868967601842428e+00
-4.728308153862159635e+00
-4.803209132750735577e+00
-7.529125446520298581e+00
-6.739655597811415433e+00
-6.082568827813017442e+00
-5.578925241525453771e+00
-5.179288611739779391e+00
-4.902163806291142123e+00
-4.686633072631759767e+00
-4.541783015186395822e+00
-4.511321078411318020e+00
-4.411692508538402002e+00
-4.327767777942115757e+00
-4.237049247423264831e+00
-4.264662938638446477e+00
-4.252878541489596209e+00
-4.189495083911745965e+00
-4.243324095324841672e+00
-4.231488847120568941e+00
-4.242465668463514916e+00
-4.233691724824298674e+00
-4.248596318368745628e+00
-4.306433516551773977e+00
-4.411403774716593063e+00
-4.519089897438950842e+00
-4.590180978375372867e+00
-4.668511493899146103e+00
-7.965708829358130849e+00
-7.107715617761442672e+00
-6.392083661623519930e+00
-5.837347546598187442e+00
-5.392874583911801523e+00
-5.077284258667955186e+00
-4.828401939759120687e+00
-4.655044414246299667e+00
-4.601248319114938035e+00
-4.480530105162757515e+00
-4.378691768688966590e+00
-4.272395314030439373e+00
-4.288119939435970807e+00
-4.265571338686534375e+00
-4.191948035332676348e+00
-4.238033429206172542e+00
-4.217857614646975506e+00
-4.220790138432195526e+00
-4.203107164055048806e+00
-4.208311573466020583e+00
-4.255237002974982197e+00
-4.253248716729612688e+00
-4.387978060989169649e+00
-4.450989066959595952e+00
-4.535089339255208962e+00
-8.497071980702203930e+00
-7.567250060569659986e+00
-6.789993008141869346e+00
-6.181061914201023910e+00
-5.688591898864330254e+00
-5.331554473730655275e+00
-5.046657304294351221e+00
-4.842661855704247564e+00
-4.764246271515919062e+00
-4.621408021370185359e+00
-4.501220237039681216e+00
-4.379396219577917471e+00
-4.384223623474481357e+00
-4.352291085151136052e+00
-4.270139341137686451e+00
-4.311096997417950938e+00
-4.285418239803793661e+00
-4.283663723651225830e+00
-4.260744102943206713e+00
-4.260355788999898863e+00
-4.301108097383424145e+00
-4.290155022571064514e+00
-4.354752539888707474e+00
-4.398139299146699877e+00
-4.490597565641863298e+00
-9.021135685942850202e+00
-8.016197352945253485e+00
-7.174233422474910249e+00
-6.508043821575260957e+00
-5.964460868566431984e+00
-5.562963418579641939e+00
-5.239255237654171893e+00
-5.002295493765671175e+00
-4.897846008558568442e+00
-4.731679786693836931e+00
-4.592563415770058555e+00
-4.455116587678716655e+00
-4.450054476551701832e+00
-4.410108563856178776e+00
-4.321082324172714983e+00
-4.359641512744203418e+00
-4.331332377433931846e+00
-4.328327462451209584e+00
-4.303888905238881790e+00
-4.302047445159521644e+00
-4.341230337396789984e+00
-4.326001071402149734e+00
-4.385879019270057633e+00
-4.418363751559954089e+00
-4.432663293868396082e+00
