5.924068442816305541e-02
5.149685390218053382e-02
4.497879715168802417e-02
3.686826895671310722e-02
3.063043891324860463e-02
2.375233533203815334e-02
1.916552328185314874e-02
1.530697604260726832e-02
1.064988939397184912e-02
9.679245258732534912e-03
9.187565586735522982e-03
9.440611157017806537e-03
7.731542382283494025e-03
7.201945520563393134e-03
7.781722381163399052e-03
6.544036911429574645e-03
6.541750703626740895e-03
6.321265169114786801e-03
6.543521864224912180e-03
6.597782524652675423e-03
6.251726390552792348e-03
6.919074596538381944e-03
6.789605194219262840e-03
7.492661060464901601e-03
7.823948188639698320e-03
