7.598739712116896194e-02
6.826761274623582842e-02
5.767450376042661947e-02
4.481241567251012525e-02
3.469687535502464365e-02
2.673501711183202609e-02
2.382780781232022790e-02
1.961949093677642017e-02
1.261866334756744229e-02
1.098151683932848365e-02
9.330174567802978353e-03
9.433047285666719406e-03
7.360250938274052676e-03
6.040410135700113869e-03
5.977276922857666271e-03
5.314968304426016289e-03
4.765793574454017280e-03
4.759100638737047244e-03
4.261250016198397939e-03
4.510092193159004684e-03
4.328608868888936777e-03
4.429130544717638923e-03
4.385054874466929632e-03
5.087834860177115580e-03
5.522949354964360943e-03
