4.617538350564807661e-09
3.296186295756611794e-08
1.275941090598352504e-07
-7.147316790968408107e+00
-2.086469271142110671e-01
-1.615244928251363898e+00
-1.253549578204803394e+00
-4.213306210795834117e-01
1.436734663815341317e+00
1.443997553358894015e+00
-3.422086223450711007e+00
2.300111856433809665e-01
5.124122815088150151e-01
-4.068754632531189075e-01
1.154813404709636115e+00
2.809967430843314684e+00
1.006036263230149608e+00
-9.042560824274386011e-01
2.117333641390902951e-02
-1.732139279426827327e+00
2.900143054340134294e-02
-6.487819079160461744e-01
1.554130606385409452e+00
-5.321849268921795550e-01
-2.487853308173189504e+00
-7.987802623901614218e-01
3.790574490771183136e+00
5.501135101735126209e-01
-6.816875461221058030e-01
8.224932372037285777e-01
-1.598031308485930779e+00
9.333798386036167016e-02
4.488269432244539059e-02
