-3.368344044929692416e+00
-4.219333029591787465e+00
-5.016582465799686474e+00
-5.783483282637714495e+00
-6.479063976665042190e+00
-7.136787986748775126e+00
-7.704813045897093815e+00
-8.205328503385990402e+00
-8.697687145327325453e+00
-8.999862226516098573e+00
-9.218346809700074473e+00
-9.342824479602413135e+00
-9.520659971949150702e+00
-9.599172082131085304e+00
-9.580573164270129283e+00
-9.659647661113314854e+00
-9.657856299061720051e+00
-9.685758318354155350e+00
-9.714461235246005799e+00
-9.806975591255776337e+00
-1.000096209377557166e+01
-1.022045842323209186e+01
-1.061567708896161655e+01
-1.110482994965273207e+01
-1.179468101852436490e+01
-2.706867954917388630e+00
-2.935214888159003443e+00
-3.782670381638781887e+00
-4.595244438505294404e+00
-5.333826405478666821e+00
-6.033454711074872634e+00
-6.643576220625901030e+00
-7.187383555810314739e+00
-7.724946914624422512e+00
-8.074671108154815258e+00
-8.343194899073589355e+00
-8.520061714701856914e+00
-8.752210275577247955e+00
-8.886247504607098335e+00
-8.923388025806533008e+00
-9.057132694114171656e+00
-9.107372791093437669e+00
-9.182812254328853285e+00
-9.252417440154321326e+00
-9.376771872580752287e+00
-9.590823384093136283e+00
-9.815610922933359461e+00
-1.019806240851674595e+01
-1.065281925334687863e+01
-1.128278665430842054e+01
-2.795538153020397765e+00
-2.367997699981262194e+00
-2.613934890894063390e+00
-3.477438323426344624e+00
-4.261269778343953263e+00
-5.002481852371313487e+00
-5.652226127522694377e+00
-6.235090492194910183e+00
-6.812230959689574483e+00
-7.202828704531645698e+00
-7.513989403307115289e+00
-7.735413948406526075e+00
-8.013889075536614115e+00
-8.195560272982083561e+00
-8.280871279987621847e+00
-8.462242616502971160e+00
-8.558175779504622938e+00
-8.675675471680099449e+00
-8.781699364653327677e+00
-8.934512847643475197e+00
-9.166436168400988294e+00
-9.395571240649557510e+00
-9.765599499131937478e+00
-1.018760642208224887e+01
-1.076063182616979041e+01
-2.860659373622349566e+00
-2.460086653393593004e+00
-2.139041886997115505e+00
-2.419964247868213736e+00
-3.251293405933999736e+00
-4.033768721314378247e+00
-4.720662079114339882e+00
-5.338348626573688804e+00
-5.949438593248892460e+00
-6.374234326779810722e+00
-6.720629633045584583e+00
-6.978780491537029285e+00
-7.295595683036627754e+00
-7.517009698903131643e+00
-7.642922238874218621e+00
-7.864876740695744495e+00
-8.000164576996731114e+00
-8.154247283312997752e+00
-8.292206321784595602e+00
-8.470097829550848445e+00
-8.717699759828855477e+00
-8.950238689487949983e+00
-9.308187673752199132e+00
-9.699090769265065859e+00
-1.021811332182310039e+01
-2.938688003832303330e+00
-2.559192274992598826e+00
-2.252684848033814635e+00
-2.064580639577924703e+00
-2.340353673234271348e+00
-3.163771703800597024e+00
-3.885340460816038899e+00
-4.533614344968265542e+00
-5.173026202016276720e+00
-5.625344360896635365e+00
-5.999571973065091157e+00
-6.286617728081371759e+00
-6.633786481692093950e+00
-6.887052165811748949e+00
-7.045997285811355759e+00
-7.301491449951412527e+00
-7.469795566743089310e+00
-7.654984072308420373e+00
-7.820394694534469338e+00
-8.019983201206683177e+00
-8.281070541222186776e+00
-8.516069652286761382e+00
-8.862283315279617213e+00
-9.223728677877312876e+00
-9.691687541803581496e+00
-3.029017593779728568e+00
-2.664708118366817757e+00
-2.368259202731133772e+00
-2.183458697344745403e+00
-2.083833406526259147e+00
-2.391884349959248368e+00
-3.145654824901473301e+00
-3.820281199478127832e+00
-4.482387338349987260e+00
-4.955552359526004480e+00
-5.350209975557038256e+00
-5.658319209406147188e+00
-6.027855022200665935e+00
-6.305081224013537877e+00
-6.489489970907309946e+00
-6.771480294285008306e+00
-6.966462298727788216e+00
-7.177279388647604286e+00
-7.365658032891337470e+00
-7.583562512606928152e+00
-7.855942062577144114e+00
-8.092457679039300800e+00
-8.427279973684429493e+00
-8.760913697882770634e+00
-9.180748029336603722e+00
-3.200009196824677549e+00
-2.844995237549417855e+00
-2.554126008369566492e+00
-2.369476483523787813e+00
-2.263363422357023147e+00
-2.277142736574977899e+00
-2.569966225110306368e+00
-3.266710245028511039e+00
-3.945883056501324759e+00
-4.433219376567297587e+00
-4.840904694098449923e+00
-5.162245988486676040e+00
-5.546162356812939009e+00
-5.839457925182727216e+00
-6.041761345475268108e+00
-6.343204324806010597e+00
-6.558525823952483513e+00
-6.789494283265160135e+00
-6.996357387740760103e+00
-7.229196814600086896e+00
-7.510675374734882226e+00
-7.747763820637126209e+00
-8.071538700020431278e+00
-8.379006880624221054e+00
-8.753655836279703450e+00
-3.349497648980650499e+00
-2.997888468636664694e+00
-2.708120101261661805e+00
-2.520468836411939417e+00
-2.405939646901622986e+00
-2.405063557344429004e+00
-2.468156995731010994e+00
-2.770736316652833597e+00
-3.461348194759392705e+00
-3.956180251508957024e+00
-4.369490968974722556e+00
-4.696232905975731953e+00
-5.086543326031654821e+00
-5.388017109368747448e+00
-5.600646249078056194e+00
-5.914498380715760284e+00
-6.143820981438652851e+00
-6.389463595151582354e+00
-6.610327598135528504e+00
-6.854720946326668951e+00
-7.143105316876490640e+00
-7.379822916183861103e+00
-7.692894333100640303e+00
-7.975843064338008936e+00
-8.308245799926606168e+00
-3.401206634683177743e+00
-3.047111496545339637e+00
-2.753965166939270848e+00
-2.560159442478027181e+00
-2.435285769492138819e+00
-2.418932612601931709e+00
-2.460944807925570021e+00
-2.580760878923636259e+00
-2.952506436010101432e+00
-3.448158670998436204e+00
-3.859692488557155077e+00
-4.184003651479982544e+00
-4.572721620298746181e+00
-4.874482467406989983e+00
-5.089868372554553488e+00
-5.409086152592138319e+00
-5.646071461408427972e+00
-5.900911014182712577e+00
-6.131292353673686968e+00
-6.383858597182702432e+00
-6.676955578250840517e+00
-6.912358654792759793e+00
-7.215070561861970155e+00
-7.475145937689327447e+00
-7.768241608532903797e+00
-3.604863394148157596e+00
-3.242391560758505875e+00
-2.941388444785292045e+00
-2.738275541157964454e+00
-2.601129030012906629e+00
-2.568477144553603875e+00
-2.589559524940016733e+00
-2.683664534859342421e+00
-2.903261078833855091e+00
-3.158881869825687971e+00
-3.561236486600615869e+00
-3.875285457281508528e+00
-4.254424470774250899e+00
-4.548581229729705022e+00
-4.759154945924131574e+00
-5.076694870263281700e+00
-5.315004493664957863e+00
-5.573563770217600855e+00
-5.808978884288826805e+00
-6.066336997174761159e+00
-6.361953388989012304e+00
-6.595098266895262462e+00
-6.887794617384723317e+00
-7.126642732946294245e+00
-7.383370496257576576e+00
-3.812113542795485532e+00
-3.435374277062172244e+00
-3.122035550759006739e+00
-2.906462748498566562e+00
-2.755115044446746264e+00
-2.705342768938514997e+00
-2.705646762894448720e+00
-2.775015694453462078e+00
-2.966057876801615922e+00
-3.086458306284555420e+00
-3.325768579824416538e+00
-3.621723942185836709e+00
-3.983297497395469122e+00
-4.261959016942074463e+00
-4.460151590100397634e+00
-4.768970154648915383e+00
-5.002265698961684492e+00
-5.259067483805239362e+00
-5.495032810380479305e+00
-5.753801766612895108e+00
-6.049744369309652647e+00
-6.279687372519939359e+00
-6.562712119278545586e+00
-6.781979068951485168e+00
-7.005278080719480549e+00
-4.112921521087744559e+00
-3.716024085629164642e+00
-3.385870924632674139e+00
-3.154685504072749058e+00
-2.987208252188810587e+00
-2.919493925030675729e+00
-2.899170961231254395e+00
-2.944778798527247332e+00
-3.108899691773329366e+00
-3.199615751971329303e+00
-3.310408277103515484e+00
-3.513283543727371061e+00
-3.849305137458321813e+00
-4.104580266068777128e+00
-4.282822741892105434e+00
-4.575876442375238717e+00
-4.797819513748247111e+00
-5.047386591264046096e+00
-5.279418568220529906e+00
-5.536217341799703817e+00
-5.830292955597248472e+00
-6.056090408180889284e+00
-6.329787504260013797e+00
-6.531119382747941238e+00
-6.723928799466565742e+00
-4.310461921290376530e+00
-3.887515579600234084e+00
-3.536069160455030502e+00
-3.286118402743563482e+00
-3.100583248848114870e+00
-3.014105209165804489e+00
-2.973306716944093875e+00
-2.996128444708728633e+00
-3.134961122455948601e+00
-3.198102577214547271e+00
-3.279657063603280243e+00
-3.354205983759992904e+00
-3.655621989311603315e+00
-3.879619576465063613e+00
-4.030343001636822464e+00
-4.300588334650865541e+00
-4.504840539796705734e+00
-4.741695694561629537e+00
-4.965310759656427209e+00
-5.216758324299759941e+00
-5.506773749084064029e+00
-5.727481974743958482e+00
-5.992195372707068479e+00
-6.177238273983288508e+00
-6.342497251025808858e+00
-4.545459128064614163e+00
-4.090573143229526032e+00
-3.713354641853428895e+00
-3.441485827799838582e+00
-3.235964417381214098e+00
-3.129901003959299377e+00
-3.068778412402582756e+00
-3.069789015367528684e+00
-3.184966551668239276e+00
-3.222643166347251231e+00
-3.277348740490575896e+00
-3.324481612460395308e+00
-3.494799200228588809e+00
-3.727801329121751106e+00
-3.843436749218061887e+00
-4.083830210863421684e+00
-4.264053156292173519e+00
-4.482719172892323911e+00
-4.693433764012043596e+00
-4.936149093617198780e+00
-5.219911129471457301e+00
-5.434586452150968583e+00
-5.690660104917420803e+00
-5.861060123533669675e+00
-6.001707817187997840e+00
-4.880009613070141583e+00
-4.387293247765520654e+00
-3.979823839616465797e+00
-3.682884249529600140e+00
-3.455448227722135002e+00
-3.328977778986593972e+00
-3.247682516783204854e+00
-3.227856979267375692e+00
-3.321012447809624124e+00
-3.335333987600439531e+00
-3.365579776543804691e+00
-3.387751827445043329e+00
-3.533586610117439797e+00
-3.632827969012298652e+00
-3.784200452951299365e+00
-3.987698538749475219e+00
-4.137553830835003055e+00
-4.332553493813014356e+00
-4.525884048852188535e+00
-4.756486117385074763e+00
-5.031801564505234303e+00
-5.239500308269578355e+00
-5.487278168883578111e+00
-5.644681399538941768e+00
-5.763656966309042673e+00
-5.180455873663436961e+00
-4.644018391237029419e+00
-4.201819252531447724e+00
-3.876656167421444810e+00
-3.625377180026514878e+00
-3.477678035044780458e+00
-3.376361531504163516e+00
-3.336674838388297371e+00
-3.409441313315892508e+00
-3.402517543699280722e+00
-3.410692674655306345e+00
-3.410359132160816209e+00
-3.534003244620270934e+00
-3.612478161628136064e+00
-3.629943342378565418e+00
-3.878535821696389885e+00
-3.991685066579611085e+00
-4.157541160676412773e+00
-4.329004117657410333e+00
-4.544111899047573289e+00
-4.808787557473752194e+00
-5.008566046163222651e+00
-5.248392067391023375e+00
-5.394444604393502374e+00
-5.494687200200076838e+00
-5.499209861514716913e+00
-4.913160525061265993e+00
-4.431752831759781408e+00
-4.075213532311185105e+00
-3.798163224932003867e+00
-3.628413722569949318e+00
-3.507227406787993385e+00
-3.448654542751837582e+00
-3.502665098054118076e+00
-3.476605784454116499e+00
-3.465099384744287914e+00
-3.444715476856099468e+00
-3.548461054918876645e+00
-3.608053448822258868e+00
-3.608859812321991711e+00
-3.727575651407082802e+00
-3.878858813102958436e+00
-4.010094122654068727e+00
-4.155205919628302880e+00
-4.351438387933364460e+00
-4.603281057854184510e+00
-4.794195615449929448e+00
-5.026413750214248743e+00
-5.162761688066721533e+00
-5.247210469117391085e+00
-5.881400007201579072e+00
-5.239848079389017421e+00
-4.714753007070419777e+00
-4.323684773559016925e+00
-4.018934791444080723e+00
-3.826313270298505209e+00
-3.685408571123229393e+00
-3.608924520608461695e+00
-3.645812230052350333e+00
-3.602727137698032767e+00
-3.573928334525326100e+00
-3.535949289263567774e+00
-3.622088468948117868e+00
-3.664682259298365441e+00
-3.650044452080882795e+00
-3.756144773782866153e+00
-3.786713095067046009e+00
-3.935340807539491337e+00
-4.049617882494797705e+00
-4.223594011857207065e+00
-4.460410493561876244e+00
-4.641517444138580473e+00
-4.866471645452868700e+00
-4.994761078752981476e+00
-5.066355201386547158e+00
-6.228504309175606934e+00
-5.525559053484932370e+00
-4.952297778391015370e+00
-4.523547891747002225e+00
-4.189169880742349861e+00
-3.972854679952155355e+00
-3.812383026730953084e+00
-3.718962774648410630e+00
-3.740360712428844714e+00
-3.682359606900053706e+00
-3.638657527700208671e+00
-3.585538573183782329e+00
-3.656363490497366975e+00
-3.683842596813788894e+00
-3.654975265855826994e+00
-3.748728456494278216e+00
-3.770140923680799450e+00
-3.812745429155511623e+00
-3.913718008457705455e+00
-4.062056773232056273e+00
-4.281653867113148770e+00
-4.452009534709148397e+00
-4.670043755471499303e+00
-4.791920778636373335e+00
-4.853599398930765751e+00
-6.666132758390828528e+00
-5.895903437377849166e+00
-5.269997134822351548e+00
-4.800412874988833067e+00
-4.434478479968650966e+00
-4.193647937923910440e+00
-4.013760759358634189e+00
-3.904379290032561567e+00
-3.911920529814274072e+00
-3.841113176228604598e+00
-3.784896948103217973e+00
-3.719093312314829092e+00
-3.776896103351286449e+00
-3.791144445439598165e+00
-3.749262238219436938e+00
-3.830936685266324027e+00
-3.842222506126055315e+00
-3.877964146205610252e+00
-3.893245552144623645e+00
-3.992436656946417806e+00
-4.192621163862264133e+00
-4.351281872784912075e+00
-4.562740066129891581e+00
-4.679850773810025011e+00
-4.734553048155241584e+00
-7.073795534709583777e+00
-6.230391411979104177e+00
-5.547361258260702144e+00
-5.033789906051100438e+00
-4.634370772655602266e+00
-4.368203228396716931e+00
-4.169051953761529816e+00
-4.044684252048115880e+00
-4.040001867988120665e+00
-3.958498031887032642e+00
-3.892156782251214420e+00
-3.816123693330672584e+00
-3.863196494175090923e+00
-3.866097991690152114e+00
-3.812415555458529060e+00
-3.882279646163552034e+00
-3.882468028663418558e+00
-3.908827980723265760e+00
-3.917726069462620586e+00
-3.957402892519170212e+00
-4.072822567295915519e+00
-4.218844642396976319e+00
-4.424070761499168114e+00
-4.538061248202772902e+00
-4.588726332731734026e+00
-7.525063038406518245e+00
-6.602593376897954336e+00
-5.857960547751068781e+00
-5.297249383451402949e+00
-4.862417156767215864e+00
-4.570090948879287573e+00
-4.351827007090872002e+00
-4.213448057536688829e+00
-4.198175123515656360e+00
-4.108084570189517670e+00
-4.034007426256491335e+00
-3.950200112226768034e+00
-3.988835058965162883e+00
-3.982273631676368275e+00
-3.918005613887990624e+00
-3.976327735787498430e+00
-3.964447888333472392e+00
-3.978907330768978401e+00
-3.977030467901769395e+00
-4.008279591041142176e+00
-4.097002022651652808e+00
-4.128268240412612755e+00
-4.327606239210358474e+00
-4.440122599669897419e+00
-4.489689650688403866e+00
-7.975850407211899196e+00
-6.968424470117316361e+00
-6.157710141514587399e+00
-5.546706445688599274e+00
-5.074532771075093152e+00
-4.755226238360983793e+00
-4.518001058523267055e+00
-4.366585845842953617e+00
-4.342355435898174854e+00
-4.245787930774585384e+00
-4.166364019866220403e+00
-4.077237708817388118e+00
-4.109726937559419646e+00
-4.095586505216004092e+00
-4.021947553271735920e+00
-4.068996093821698246e+00
-4.044077224733935161e+00
-4.044117335914246603e+00
-4.027073887387092377e+00
-4.043290149848105308e+00
-4.118242349486026299e+00
-4.164266478849165232e+00
-4.229261636991394013e+00
-4.341949966577928421e+00
-4.393358140448774485e+00
-8.513252918804749214e+00
-7.414979974783429739e+00
-6.533705321809046396e+00
-5.869256374370454665e+00
-5.357812896673427971e+00
-5.010704377488576888e+00
-4.754669388380336592e+00
-4.591192897016658669e+00
-4.559638084935008884e+00
-4.458703393201806975e+00
-4.376321842413038787e+00
-4.284331762239744101e+00
-4.312967408965067584e+00
-4.293131891281261048e+00
-4.211336652654246393e+00
-4.247379999483718471e+00
-4.208451317350569987e+00
-4.191553276011432239e+00
-4.154951608287025699e+00
-4.149529850198108605e+00
-4.201536485937946708e+00
-4.224311758476167356e+00
-4.358085514335923172e+00
-4.330638630323140781e+00
-4.386827084050215042e+00
-9.034887937097199284e+00
-7.839877210887368442e+00
-6.883563409273030231e+00
-6.162516490749480269e+00
-5.609874855404607175e+00
-5.234142688624719320e+00
-4.959449319427121416e+00
-4.784886534160271765e+00
-4.747640394035649969e+00
-4.644448281168426007e+00
-4.561498217850261661e+00
-4.469099596647507333e+00
-4.496173797452595267e+00
-4.472527114154130068e+00
-4.383790236220604264e+00
-4.409096776755617952e+00
-4.355187489866708006e+00
-4.318832474366133489e+00
-4.258280953485171771e+00
-4.224616014582675660e+00
-4.244501754277372640e+00
-4.231910088913067192e+00
-4.327918598500460234e+00
-4.442535067070787491e+00
-4.367713801957930464e+00
