22704 10954 3932 1550 672 414 190 114 78 64 24 18 22 20 36 2 0 0 5 10 0 0 0 0 0
40266 38980 16368 5714 2116 1101 691 427 260 127 67 82 50 55 35 6 63 0 5 1 42 20 0 0 5
39219 49753 40315 18001 5401 2291 1429 856 611 338 206 194 99 85 80 44 20 57 31 21 20 10 40 0 0
29500 44788 47212 39429 16730 6270 3211 1910 762 438 343 361 247 193 99 94 62 90 34 36 40 35 10 5 21
18952 32860 40103 43488 36265 15318 6076 2872 1552 1246 781 511 306 302 182 184 98 30 112 102 63 37 12 24 4
11974 21933 29687 35575 37447 26768 11344 6097 2635 1445 1047 710 567 405 291 255 197 149 168 134 42 27 9 24 26
8171 15514 20001 23787 26806 24410 17361 9023 4240 2633 1503 923 695 621 368 285 253 235 142 172 51 69 69 29 90
5658 10320 13748 17626 20256 20591 17310 13634 5110 3314 2178 1830 1019 585 551 490 285 277 229 159 100 90 45 15 43
2948 5502 7373 9310 11540 12269 10513 9527 5758 3289 2358 1533 889 903 708 531 277 324 270 201 162 61 55 24 70
1835 3637 4947 6243 7474 7939 8312 7989 5088 3550 2651 1828 1159 1100 689 720 428 254 173 191 247 172 97 54 51
1330 2209 3575 4564 5296 6349 6672 6609 4750 3327 3464 2285 1545 902 714 472 393 275 351 240 227 123 76 64 36
986 1876 2155 3135 3960 4890 5304 5571 4304 3569 3230 2912 2042 1606 997 757 585 515 327 288 138 147 128 92 110
530 1506 2175 2486 3260 3402 3481 4299 3230 3001 2760 2589 2273 1392 1076 945 637 631 456 319 251 108 185 100 89
451 778 1173 1578 2348 2127 2472 3396 2792 2234 2408 2100 1883 1649 1194 840 586 636 534 397 229 320 113 104 123
341 526 811 1029 1672 1847 1909 2313 1845 2013 1743 2006 1540 1451 1227 902 697 693 507 331 223 200 182 172 118
272 440 520 815 1116 1418 1665 1753 1501 1490 1805 1688 1270 1566 1368 1159 833 661 513 415 298 329 306 186 110
140 355 554 830 1069 1235 1424 1809 1579 1442 1416 1484 1262 1164 1207 1108 959 814 624 483 372 385 263 230 183
192 380 293 528 661 878 1208 1302 1076 1025 1188 1284 1123 1115 1122 739 1023 853 622 591 523 287 293 329 218
139 262 426 396 642 740 951 943 851 838 1047 1218 1286 1075 1055 871 1085 794 825 659 515 352 395 303 187
95 163 227 303 414 592 792 1106 667 849 1013 754 882 853 866 1017 827 988 661 945 714 394 223 466 150
64 102 194 280 330 509 500 728 669 906 805 814 735 924 735 773 797 817 671 694 590 489 437 395 405
74 82 225 253 200 319 504 570 516 679 620 662 601 670 698 682 532 615 805 753 651 691 390 481 482
66 82 81 147 289 408 412 557 552 546 607 710 705 654 844 736 547 751 789 838 831 552 572 449 560
67 75 73 107 242 288 301 414 526 514 421 577 564 528 556 693 475 618 749 777 604 541 597 772 592
80 32 55 180 188 232 406 298 262 454 529 603 539 610 573 672 697 625 735 694 695 628 595 558 460
