271474 132664 49962 19992 7130 5578 2204 1326 630 508 208 130 154 200 526 4 0 0 25 100 0 0 0 0 0
496026 474608 199328 71384 24660 13717 9211 4879 3434 1645 577 688 500 725 525 26 755 0 25 1 604 400 0 0 25
480825 613551 509199 226631 65251 26131 18731 9400 5977 4182 2514 1742 1217 1225 920 308 134 729 501 201 400 100 600 0 0
355314 555404 586590 506445 212572 78432 41877 23986 8704 5288 4453 4415 2465 2403 1481 1008 754 1500 508 526 600 325 100 25 201
226604 400762 498457 552538 461961 193002 78640 35946 19528 16624 10181 7009 4128 4040 2574 2690 1280 116 1388 1804 939 529 104 408 8
140024 258413 371389 456667 478173 344164 141336 80543 32041 18913 13065 8758 7221 4699 4669 2965 2699 2017 2116 1642 404 429 33 208 212
96357 189082 250317 302037 341088 316080 222041 118267 55524 36753 19677 11005 7889 7113 4750 3713 3475 3527 1256 2572 901 833 833 233 1450
68774 122854 170942 225784 259894 262633 226872 176960 61852 39912 27652 23804 13945 7519 6809 6508 2993 3499 2835 1999 1534 1168 625 109 555
35946 70082 93739 117908 148986 156203 135565 123745 73998 42185 30658 18611 9717 12069 9370 6791 3417 3778 3986 3021 1824 483 909 208 850
21703 47463 61079 79211 96076 101511 104040 102641 66708 43658 32347 23798 14797 14814 9319 10158 5804 2694 1937 2621 3445 2536 1511 658 637
16426 25283 44271 57598 65146 82735 87304 85511 61354 41387 44086 29415 19431 10472 8704 5880 5277 2967 4857 3250 2681 1389 812 692 276
11542 23008 25895 36839 49502 61624 67282 72683 53820 44687 43384 38086 26360 22090 13261 9567 7201 7779 3801 3750 1850 1599 1250 1038 1570
5662 20644 28923 33448 43690 44086 45121 56583 40846 40069 33670 34445 30465 17312 13820 12947 7255 8441 6462 3849 3005 1184 2893 1284 717
5093 9372 14821 20282 32184 24635 32086 43572 37836 28576 31376 26128 26039 21101 14656 10476 6740 8466 7234 4983 2665 4252 1323 1308 1625
4703 6132 11065 12719 22090 23479 24473 30241 24185 25981 20523 26628 18366 18845 16615 11734 8749 9083 7001 4085 2425 2038 2558 1854 1334
3328 5674 6244 9207 13958 17314 21379 22835 19927 18022 22795 21332 15068 19654 18476 15509 9851 7541 6125 4745 3134 4185 4178 2060 1102
1168 4167 6950 11548 13509 16387 18110 25085 21397 20156 17758 19806 16470 14976 15261 13688 12749 11378 8396 5545 4722 4649 3091 3168 2375
2208 4508 3829 6368 7463 11344 15962 18472 14036 12639 15128 16106 14137 14393 15250 7525 14113 10941 8006 7161 7429 3449 3443 4783 2960
2033 3370 5844 6214 8398 10172 11713 11145 10251 10294 14181 15576 18204 13389 15779 11313 15087 10596 10737 7811 6527 4508 5493 3743 2379
1009 1945 2849 3807 4628 7014 10940 15076 8733 11299 14285 9006 11468 10563 10638 13421 10907 14444 8025 12727 8880 4430 2011 5138 1602
956 1338 2192 3858 3534 7065 5838 9308 8523 12568 10271 10586 9759 12894 9629 9815 10195 11487 8357 8364 7614 5835 5517 5043 5713
992 638 2963 3379 2424 3569 6068 7054 6766 9571 7544 7974 7359 9160 8758 7680 6660 7719 11117 9325 8325 8125 4570 6305 6428
810 888 821 1647 4049 5730 5572 6665 7168 7386 8173 9440 9485 8340 12386 9462 7355 10241 10007 11462 12339 6706 6858 4703 7554
763 875 841 1763 3236 4030 2807 5364 7412 6286 5125 5769 7228 5686 7200 8527 6081 8338 10587 10453 7928 6941 7543 10728 7032
1150 204 509 2268 2400 3552 6098 2666 3390 5858 7123 7641 6519 9004 7109 8580 10149 7651 9579 9348 9399 7810 7481 7476 5520
