7.926410291731874613e-01
-7.516784585671093533e-01
-9.383448963342781113e+00
9.715597273974016512e-02
-7.401848532059815966e+00
7.287475261985086883e-01
-5.334568713408341267e+00
1.349649810644441450e+00
-7.168931959187095915e-01
1.447178598382991899e+00
-1.274641883562887212e+00
1.245942547767661557e+00
6.531321758347823359e-01
-1.739095913632093815e-02
-2.359254104617777570e-01
-4.802332169432705911e-01
9.956964708623372573e+00
-5.230054597359324653e+00
-7.961590353823430277e+00
4.526026364715775685e+00
2.977052026782761374e+00
-1.745782160913057046e+00
-4.599073611575156262e-01
4.525061992729954019e-01
5.163273471284284710e+00
-4.202895436065475998e+00
-2.766415197058755826e+00
2.390996772694435002e+00
5.169626756222966968e-01
-6.869805522526855057e-01
9.342861855245211677e-02
-6.573168807189487539e-02
