7.926410291731874613e-01 6.262334443990230648e-02
-7.516784585671093533e-01 2.066624004020356231e-01
-9.383448963342781113e+00 6.985186250482735559e-01
9.715597273974016512e-02 8.539901012311616746e-02
-7.401848532059815966e+00 7.970337274752264944e-01
7.287475261985086883e-01 5.399874324357993860e-01
-5.334568713408341267e+00 5.978047543034556988e-01
1.349649810644441450e+00 1.098922661844276671e+00
-7.168931959187095915e-01 1.100435370631543258e-01
1.447178598382991899e+00 5.193645175538627035e-01
-1.274641883562887212e+00 1.435790050214436897e-01
1.245942547767661557e+00 9.535351792232774626e-01
6.531321758347823359e-01 1.056048408260868293e-01
-1.739095913632093815e-02 1.623935495466394541e-01
-2.359254104617777570e-01 5.176688305553404229e-02
-4.802332169432705911e-01 5.995488292422287285e-02
9.956964708623372573e+00 1.243312382807759242e+00
-5.230054597359324653e+00 8.011886529218736896e-01
-7.961590353823430277e+00 1.227171170154270019e+00
4.526026364715775685e+00 7.683374129548692366e-01
2.977052026782761374e+00 7.671029680587022614e-01
-1.745782160913057046e+00 5.177241955181020039e-01
-4.599073611575156262e-01 3.146462400365371281e-01
4.525061992729954019e-01 1.865941169887399276e-01
5.163273471284284710e+00 7.569722139851812193e-01
-4.202895436065475998e+00 6.712773391446308358e-01
-2.766415197058755826e+00 6.926644818597228470e-01
2.390996772694435002e+00 5.426936083693539858e-01
5.169626756222966968e-01 3.851287575839485444e-01
-6.869805522526855057e-01 2.570748921925981589e-01
9.342861855245211677e-02 7.556694272631914178e-02
-6.573168807189487539e-02 5.987290949259221895e-02
