7.601286854819998273e-02
6.882307161393842743e-02
5.793260564129927570e-02
4.458099102486934306e-02
3.424933194879800635e-02
2.635638735985569234e-02
2.358363420621453418e-02
1.953118269872408663e-02
1.274137313013185002e-02
1.114324220540635971e-02
9.498844499816212067e-03
9.524882935219193894e-03
7.464961345586099660e-03
6.137963492952847565e-03
6.015926194415869253e-03
5.338148448864783041e-03
4.784649787820306581e-03
4.743847719436072169e-03
4.256641539847642527e-03
4.469720610259260603e-03
4.294271523133197897e-03
4.388307440921857330e-03
4.361164603004705903e-03
5.054732646984161706e-03
5.534527386419864879e-03
