5.941267617871300033e-02
5.137967124994274881e-02
4.482997367525334148e-02
3.682393053949371137e-02
3.071496404846979500e-02
2.388806190270152327e-02
1.928876146436815653e-02
1.537272753276933482e-02
1.058831331324678118e-02
9.610826172195280001e-03
9.138472443313455304e-03
9.432279369666984534e-03
7.684261580200830478e-03
7.161615956562522416e-03
7.796433700473562149e-03
6.535386177573710743e-03
6.547843800305700422e-03
6.334593086945950781e-03
6.561537900440810554e-03
6.609787494020822295e-03
6.248200325839142755e-03
6.910846533179449379e-03
6.764831075131511051e-03
7.472207177245886178e-03
7.816569176692340221e-03
