5.923070514543982840e-02
5.150801126725284423e-02
4.498572067443792899e-02
3.686409508127193313e-02
3.062398167018951650e-02
2.374629564376305388e-02
1.916470443058861800e-02
1.530960886673218488e-02
1.064751729242077380e-02
9.680088987904381451e-03
9.189922141400380662e-03
9.445540101728759630e-03
7.731522108948107701e-03
7.200610940395462539e-03
7.782183290377550806e-03
6.541214067722409334e-03
6.539423734563677183e-03
6.318957118381174701e-03
6.542446465136715975e-03
6.597631214965377598e-03
6.251648813713852650e-03
6.920516294123937699e-03
6.790622140663071966e-03
7.493364799037826977e-03
7.821116751022578681e-03
