7.599078111861568008e-02
6.826692066646335155e-02
5.767063594220577655e-02
4.480950817170949174e-02
3.469610080819786335e-02
2.673499200129450179e-02
2.382721266977128743e-02
1.961798045743790714e-02
1.261692958409078684e-02
1.098009338359091924e-02
9.329346247010008447e-03
9.432849375524094554e-03
7.360625316802973592e-03
6.041198789740872752e-03
5.978365098341690068e-03
5.316086135825251469e-03
4.766673197724722796e-03
4.759573255542137379e-03
4.261094972715168822e-03
4.509195427799437064e-03
4.327053658109432377e-03
4.427181109729248776e-03
4.383435912718260975e-03
5.087640510464869203e-03
5.526337295098658273e-03
