8.530934231498766041e-08
-7.152611197754663586e+00
-2.005087763622181996e-01
-1.699505642063116717e+00
-1.145067430266177411e+00
-6.723394333778964782e-01
1.547328935072859180e+00
1.198788466126952335e+00
-3.017354170785998324e+00
1.546277090220571082e-01
5.366336058736367320e-01
-3.874784771371915237e-01
1.134144041149712567e+00
3.023218476990224168e+00
9.425050887936676780e-01
-4.941729830968474291e-01
-6.802188385897606215e-01
-1.456665690918261369e+00
-9.120699808136800701e-02
-5.886478256731009218e-01
1.476877315937434432e+00
-5.434314378408775514e-01
-2.487237283879040639e+00
-9.055345850417673148e-01
4.005018659424885108e+00
3.954086143689312660e-01
-6.347347692981591960e-01
7.500403236837305254e-01
-1.502818412749476584e+00
8.373381918523731260e-02
5.584864019286638753e-02
