-3.368196602852703947e+00
-4.219580309799322748e+00
-5.017259926855548002e+00
-5.784621259539217242e+00
-6.480669825506577553e+00
-7.138810227788473739e+00
-7.707128189623197123e+00
-8.207751617134519506e+00
-8.700014334619252665e+00
-9.001869480692260339e+00
-9.219826925520436589e+00
-9.343597876650909129e+00
-9.520590738536306219e+00
-9.598175646058249910e+00
-9.578636977606615588e+00
-9.656834569857986494e+00
-9.654325662815780973e+00
-9.681778014223075601e+00
-9.710414605339929395e+00
-9.803384934449749011e+00
-9.998499465015584065e+00
-1.021996549338181204e+01
-1.061818806673339743e+01
-1.111158875496389875e+01
-1.180716504793222654e+01
-2.706921278000725462e+00
-2.935314771860235261e+00
-3.782513536388815378e+00
-4.595145801922060791e+00
-5.334024915801808042e+00
-6.034081584704036771e+00
-6.644645911801737803e+00
-7.188808457611496117e+00
-7.726583974863380000e+00
-8.076324808150468826e+00
-8.344658310819067282e+00
-8.521131449855117168e+00
-8.752706665282422804e+00
-8.886026403740494573e+00
-8.922365631608071723e+00
-9.055293049800365424e+00
-9.104793038821807016e+00
-9.179678773176814133e+00
-9.249036927151113474e+00
-9.373598968314711399e+00
-9.588475605695396808e+00
-9.814892657493398787e+00
-1.019999196908898753e+01
-1.065865018485547289e+01
-1.129403553578514341e+01
-2.795640310712979471e+00
-2.367811346868648137e+00
-2.614048479115872237e+00
-3.476985900392608464e+00
-4.260744327215923555e+00
-5.002219875594724918e+00
-5.652402527059574133e+00
-6.235737190802767671e+00
-6.813287437506517108e+00
-7.204148898559542324e+00
-7.515386684941305795e+00
-7.736679992364989822e+00
-8.014817960092322835e+00
-8.195964204310302037e+00
-8.280609331252613003e+00
-8.461232152014837027e+00
-8.556421627620741432e+00
-8.673289983444687934e+00
-8.778917414987276402e+00
-8.931723381388914973e+00
-9.164201053609971837e+00
-9.394653182180036310e+00
-9.766993015243022214e+00
-1.019256307040643961e+01
-1.077069192208401205e+01
-2.860862440406693796e+00
-2.459685710253385338e+00
-2.139304880847939572e+00
-2.420063939196675395e+00
-3.250750444644033177e+00
-4.033147485669418053e+00
-4.720320422099516300e+00
-5.338460204561607192e+00
-5.950047109446776616e+00
-6.375264137654284902e+00
-6.721934433274951992e+00
-6.980165889705140181e+00
-7.296847008784366651e+00
-7.517911433905967833e+00
-7.643290462976335853e+00
-7.864574263189473946e+00
-7.999133816101691608e+00
-8.152534032058632363e+00
-8.289978455973301408e+00
-8.467680560847476556e+00
-8.715598195958124350e+00
-8.949169454635701015e+00
-9.309113592346029975e+00
-9.703249798588345243e+00
-1.022705398423242329e+01
-2.939041917801040960e+00
-2.558633522448947595e+00
-2.252655265551640973e+00
-2.065187889797302834e+00
-2.340497516220620966e+00
-3.163318664107224620e+00
-3.884853846048788473e+00
-4.533431748608317768e+00
-5.173317240976643916e+00
-5.626124775216448270e+00
-6.000755804713402419e+00
-6.288043390197885607e+00
-6.635248059415555844e+00
-6.888322340462627480e+00
-7.046863274642126029e+00
-7.301773631126513564e+00
-7.469383852001387325e+00
-7.653865166684708399e+00
-7.818674297705872966e+00
-8.017924754227387041e+00
-8.279121280240886449e+00
-8.514895722361258024e+00
-8.862807947948834197e+00
-9.227164617052626028e+00
-9.699575969761378147e+00
-3.029554044286104197e+00
-2.664030087396225266e+00
-2.367965580669708192e+00
-2.183854786889687816e+00
-2.084336181567482793e+00
-2.392108711411208510e+00
-3.145378101285229988e+00
-3.820027125455107253e+00
-4.482473134948949500e+00
-4.956106114367091919e+00
-5.351226102069456481e+00
-5.659687796062545573e+00
-6.029396413727740267e+00
-6.306572225442650392e+00
-6.490703067570555262e+00
-6.772205557082999761e+00
-6.966547036554647576e+00
-7.176658688556814880e+00
-7.364380241424316687e+00
-7.581831262775470925e+00
-7.854145607707978094e+00
-8.091207286606399762e+00
-8.427451383291625575e+00
-8.763682827014587673e+00
-9.187633179820029028e+00
-3.200748112194202299e+00
-2.844224697942582480e+00
-2.553585121490831611e+00
-2.369653463761578482e+00
-2.263866608238986444e+00
-2.277053609018135916e+00
-2.570242479655188816e+00
-3.266595628054893119e+00
-3.945864084045097364e+00
-4.433557447646454541e+00
-4.841694617704412451e+00
-5.163448399245536002e+00
-5.547641363156558647e+00
-5.841010379871620195e+00
-6.043159132529223321e+00
-6.344219331684610275e+00
-6.558972660311420455e+00
-6.789263888178072470e+00
-6.995445577597099174e+00
-7.227749376935260983e+00
-7.509020468801558046e+00
-7.746453437855386426e+00
-8.071393188980175992e+00
-8.381153719304130334e+00
-8.759574905590593374e+00
-3.350465902562226539e+00
-2.997059135187171819e+00
-2.707355669297620615e+00
-2.520425703282388685e+00
-2.406406217830356020e+00
-2.405280345099730877e+00
-2.467159402106202215e+00
-2.770979036117875438e+00
-3.461331870531055177e+00
-3.956320558348565442e+00
-4.370003135585315945e+00
-4.697166984029655268e+00
-5.087824691908241270e+00
-5.389478587642146046e+00
-5.602073253065687375e+00
-5.915656738228453726e+00
-6.144502506445697065e+00
-6.389522548706700000e+00
-6.609712089432584925e+00
-6.853520879982495373e+00
-7.141587646828908120e+00
-7.378475959358627989e+00
-7.692475148052866807e+00
-7.977419076535267273e+00
-8.313242928993934910e+00
-3.402438901795260318e+00
-3.046264885882172813e+00
-2.753008711292892041e+00
-2.559902993364071122e+00
-2.435686500476862637e+00
-2.419383523360073784e+00
-2.460585909524398929e+00
-2.578814122471589254e+00
-2.952607979199555199e+00
-3.448126934160392398e+00
-3.859883144740917427e+00
-4.184575040401698587e+00
-4.573677890624155751e+00
-4.875708339707072625e+00
-5.091176920146863516e+00
-5.410249267505808923e+00
-5.646868065498244604e+00
-5.901166160439475838e+00
-6.130911267031000200e+00
-6.382877261876034325e+00
-6.675578631647002048e+00
-6.911006340876599374e+00
-7.214428750142589664e+00
-7.476210388143190499e+00
-7.772368739165319340e+00
-3.606413700839204317e+00
-3.241588540430184295e+00
-2.940290837801332380e+00
-2.737831924374527048e+00
-2.601454046903144857e+00
-2.569109736359515228e+00
-2.589743842665185980e+00
-2.682654594696383565e+00
-2.900657332816816592e+00
-3.158723161796410661e+00
-3.561081231163638616e+00
-3.875419153289793694e+00
-4.254947543432434642e+00
-4.549446219683533243e+00
-4.760216717101627637e+00
-5.077743502724115565e+00
-5.315815920668895522e+00
-5.573941306626453596e+00
-5.808789693703849011e+00
-6.065565105987282379e+00
-6.360740006725705165e+00
-6.593791166107911828e+00
-6.887000579434199743e+00
-7.127274239196456307e+00
-7.386698922576917070e+00
-3.814029705193358932e+00
-3.434669504599372036e+00
-3.120841454716118513e+00
-2.905851902269041886e+00
-2.755348263022304955e+00
-2.706098389858285991e+00
-2.706272607683628983e+00
-2.774804773688685167e+00
-2.964556010315144707e+00
-3.083728103002110199e+00
-3.325236801292524191e+00
-3.621338730618534285e+00
-3.983273059026334550e+00
-4.262331636734606022e+00
-4.460832053312947743e+00
-4.769778853277774289e+00
-5.002985481240139087e+00
-5.259487396413882188e+00
-5.494986778499820090e+00
-5.753223821310386121e+00
-6.048711181001181991e+00
-6.278469843852300336e+00
-6.561830044422898744e+00
-6.782250037627571615e+00
-7.007872886263273315e+00
-4.115255591065573704e+00
-3.715476454379374793e+00
-3.384629237726326068e+00
-3.153931602583817551e+00
-2.987337824237738193e+00
-2.920318159177296646e+00
-2.900140880048111214e+00
-2.945233336037383243e+00
-3.108345685960523852e+00
-3.197964296338072998e+00
-3.308249158519480648e+00
-3.512302446607552753e+00
-3.848623111339829705e+00
-4.104333264515507729e+00
-4.282991602231526862e+00
-4.576323992451976963e+00
-4.798345420357455815e+00
-5.047773102852693761e+00
-5.279471194442604265e+00
-5.535822080900988595e+00
-5.829460827599466377e+00
-6.055011047338886065e+00
-6.328885818494870641e+00
-6.531106457070960047e+00
-6.725859304240144887e+00
-4.313259445680357906e+00
-3.887177477645076706e+00
-3.534822275372186517e+00
-3.285239114449819198e+00
-3.100590820220203714e+00
-3.014937134515810691e+00
-2.974516750442419255e+00
-2.997108372911839513e+00
-3.135194451824955930e+00
-3.197374580163486968e+00
-3.278302911660401886e+00
-3.353332765454126729e+00
-3.654165792276584224e+00
-3.878619195564950495e+00
-4.029863457041199304e+00
-4.300547013993551104e+00
-4.505063832137887303e+00
-4.741966520179028421e+00
-4.965411035673674256e+00
-5.216527978697626189e+00
-5.506157040225846622e+00
-5.726582870011756476e+00
-5.991335994743173465e+00
-6.177011590085384363e+00
-6.343826268241803845e+00
-4.548767860431915722e+00
-4.090499165505204537e+00
-3.712147158306153827e+00
-3.440501028267092032e+00
-3.235833841120807186e+00
-3.130681905772947360e+00
-3.070126808587673395e+00
-3.071156474041841999e+00
-3.185828897999000819e+00
-3.222685545789546691e+00
-3.276688770048021393e+00
-3.323866415811288277e+00
-3.495807679274222313e+00
-3.725916018866681334e+00
-3.842174205818139843e+00
-4.083174505526921294e+00
-4.263867303991588642e+00
-4.482794235756502488e+00
-4.693532889618096782e+00
-4.936068102240078304e+00
-5.219526406561445953e+00
-5.433911899733192996e+00
-5.689907161301089644e+00
-5.860692025239990777e+00
-6.002500367523189162e+00
-4.883868527280537997e+00
-4.387529209643798112e+00
-3.978691577890514086e+00
-3.681805035033657081e+00
-3.455154577674264260e+00
-3.329640163416962562e+00
-3.249058744659679476e+00
-3.229465329304844978e+00
-3.322336714104765498e+00
-3.335984882740158142e+00
-3.365494423705662985e+00
-3.387367135546605290e+00
-3.534017885896281630e+00
-3.636039144546183710e+00
-3.782011538374644655e+00
-3.986294156345191908e+00
-4.136843525044516134e+00
-4.332343938617632340e+00
-4.525924445265315121e+00
-4.756530140530281336e+00
-5.031656615667077226e+00
-5.239085825645943828e+00
-5.486687007404014160e+00
-5.644235451884271448e+00
-5.763969291600201217e+00
-5.184904677820130203e+00
-4.644610842185866950e+00
-4.200798766835648124e+00
-3.875494367987126321e+00
-3.624896263608353042e+00
-3.478155141640919101e+00
-3.377655793301838294e+00
-3.338378173753192346e+00
-3.411061135530327970e+00
-3.403615826622633733e+00
-3.411063108384517317e+00
-3.410178160899095090e+00
-3.533986342032297223e+00
-3.614027720756044282e+00
-3.635309589714038392e+00
-3.876249202742683586e+00
-3.990335731349627491e+00
-4.156958864912559726e+00
-4.328928938816116734e+00
-4.544257329702992010e+00
-4.808890903530008032e+00
-5.008447883554794089e+00
-5.248018768640382525e+00
-5.393985105315819872e+00
-5.494576275338988403e+00
-5.504270602911672583e+00
-4.914138353865038056e+00
-4.430863015721984155e+00
-4.073963317487999447e+00
-3.797453189145251429e+00
-3.628621130518306703e+00
-3.508312244429850679e+00
-3.450289297154804924e+00
-3.504396451931190537e+00
-3.477972667054113121e+00
-3.465789113788686926e+00
-3.444693781829799573e+00
-3.548107338393675647e+00
-3.608287661527387780e+00
-3.611282353028998582e+00
-3.734589952855957851e+00
-3.876738212498151093e+00
-4.009033303898707601e+00
-4.154940659518144841e+00
-4.351643959067561518e+00
-4.603623559539983923e+00
-4.794392362935880669e+00
-5.026296734587835324e+00
-5.162335275252153188e+00
-5.246715608671297382e+00
-5.887088523088360503e+00
-5.241233964953183389e+00
-4.714006544593180692e+00
-4.322334103309469100e+00
-4.017947573813290596e+00
-3.826160349383570303e+00
-3.686150317197564252e+00
-3.610320918490196540e+00
-3.647464882126390862e+00
-3.604177622715229568e+00
-3.574794658517693957e+00
-3.536036216960692702e+00
-3.621503093773337234e+00
-3.663941186282564377e+00
-3.650194006373625566e+00
-3.758863895224156870e+00
-3.794433967966256649e+00
-3.933689474295810395e+00
-4.049081826035558329e+00
-4.223812247328369018e+00
-4.460976802450915102e+00
-4.642041482601535485e+00
-4.866643124121787345e+00
-4.994408180642873951e+00
-5.065509510652751679e+00
-6.234835570913306313e+00
-5.527374808571413389e+00
-4.951706487102276455e+00
-4.522083859625088742e+00
-4.187856552247152031e+00
-3.972249933276816414e+00
-3.812647147013532134e+00
-3.719950173511515690e+00
-3.741743562180010585e+00
-3.683707829928961175e+00
-3.639556879067788131e+00
-3.585682602863848434e+00
-3.655650744742552138e+00
-3.682465431585532301e+00
-3.653521686679908953e+00
-3.748266644459397945e+00
-3.772321495493538013e+00
-3.819894600521561934e+00
-3.912829573749928791e+00
-4.062239330062396014e+00
-4.282427767905138793e+00
-4.452872378159054456e+00
-4.670535072761490269e+00
-4.791680956881087639e+00
-4.852435116494049794e+00
-6.673116565998665095e+00
-5.898165703569025808e+00
-5.269567661396516556e+00
-4.798817403888974376e+00
-4.432784941214525709e+00
-4.192494698428774313e+00
-4.013407549642298733e+00
-3.904781877558992864e+00
-3.912837307047922764e+00
-3.842168103320084516e+00
-3.785680589825865194e+00
-3.719237753833352311e+00
-3.776155105667096112e+00
-3.789465212021835505e+00
-3.746870208908649413e+00
-3.828403016389570368e+00
-3.840549283618896581e+00
-3.878660503185242803e+00
-3.898398716661442887e+00
-3.992530022339629170e+00
-4.193581271376969788e+00
-4.352489865288569959e+00
-4.563577396358613036e+00
-4.679758420000928787e+00
-4.733097242478239153e+00
-7.081453905195632892e+00
-6.233129047523921606e+00
-5.547112465714437946e+00
-5.032057134973793922e+00
-4.632255140173171526e+00
-4.366417044790369850e+00
-4.167953925462827947e+00
-4.044338431405249068e+00
-4.040268517863791153e+00
-3.959080844336702043e+00
-3.892688192474237585e+00
-3.816224071671211249e+00
-3.862538578345645401e+00
-3.864462929283619008e+00
-3.809761974590341715e+00
-3.878795412398636344e+00
-3.878639733912542464e+00
-3.905501337797728123e+00
-3.916161235938188323e+00
-3.959346346764835101e+00
-4.073959712188738536e+00
-4.220416343818922833e+00
-4.425292494783897190e+00
-4.538162969781408762e+00
-4.587018288210893857e+00
-7.533443942582379371e+00
-6.605861194021815486e+00
-5.857937253181001225e+00
-5.295399405577048135e+00
-4.859863501409860120e+00
-4.567613324324968360e+00
-4.349882626186262868e+00
-4.212216186542582008e+00
-4.197633545923185494e+00
-4.108042404099784939e+00
-4.034176037995305997e+00
-3.950237907283692174e+00
-3.988397513693291874e+00
-3.981054934379971044e+00
-3.915793334893952871e+00
-3.973040183875936382e+00
-3.960189198093023943e+00
-3.974013456837679925e+00
-3.972110107706647408e+00
-4.004271660078042139e+00
-4.095220433385275527e+00
-4.130248165113300729e+00
-4.329276720076297380e+00
-4.440490958463809257e+00
-4.487794606091161320e+00
-7.985035509957266520e+00
-6.972310975040150183e+00
-6.157990855936728458e+00
-5.544793048010367542e+00
-5.071558857413273280e+00
-4.752032369678907742e+00
-4.515142484600428219e+00
-4.364363975887426861e+00
-4.340881224261467608e+00
-4.245001615751890611e+00
-4.166092959618907798e+00
-4.077228093958268573e+00
-4.109680745021576875e+00
-4.095190060615297334e+00
-4.020913123091801822e+00
-4.067086164043364427e+00
-4.041146509328634728e+00
-4.040145693468784494e+00
-4.022194165421464795e+00
-4.037832582074585730e+00
-4.112766256495284267e+00
-4.159601026152398795e+00
-4.231478903814379855e+00
-4.342691218245900764e+00
-4.391375028407524361e+00
-8.523386060413923104e+00
-7.419635842843318230e+00
-6.534430725595463230e+00
-5.867395513396020945e+00
-5.354498658905995079e+00
-5.006831631234708091e+00
-4.750890950847424854e+00
-4.587939249386662866e+00
-4.557169002648925549e+00
-4.457115928896366874e+00
-4.375596406792619852e+00
-4.284352081010735169e+00
-4.313545721561447444e+00
-4.294025757206002325e+00
-4.212278788465068757e+00
-4.248090802322612269e+00
-4.208669117251820246e+00
-4.191055497608853209e+00
-4.153570859398549864e+00
-4.147186563757648159e+00
-4.198258865160211961e+00
-4.220264779369044206e+00
-4.353603002570828551e+00
-4.331921199958871149e+00
-4.384917006634514003e+00
-9.046152911670356289e+00
-7.845493115636503312e+00
-6.884914180848440424e+00
-6.160864120880082950e+00
-5.606340225461465820e+00
-5.229668428939985958e+00
-4.954785345165608312e+00
-4.780599327526263487e+00
-4.744154201800006909e+00
-4.642042664462325163e+00
-4.560343700639375442e+00
-4.469267189719515976e+00
-4.497649764686952878e+00
-4.475219345545693450e+00
-4.387547652347233651e+00
-4.413711419909880362e+00
-4.360414342849905367e+00
-4.324400189978090836e+00
-4.263897510058282769e+00
-4.229990925277124170e+00
-4.249355579404772598e+00
-4.235993005633499564e+00
-4.331032045064548086e+00
-4.444547620880554994e+00
-4.366077859337337941e+00
