5.923007629298023685e-02
5.151085355556189738e-02
4.498370957195348130e-02
3.685962315752167040e-02
3.062120849917368548e-02
2.374651057606309151e-02
1.916681408186216018e-02
1.531199287560881112e-02
1.064907589507996244e-02
9.680644754879149175e-03
9.189408341080847198e-03
9.444076688304072625e-03
7.729702709222598805e-03
7.198736296323617403e-03
7.780526894916066881e-03
6.540304444828858033e-03
6.539316398227305177e-03
6.319674895338345949e-03
6.543821854479658917e-03
6.599264497988069703e-03
6.253017516999307551e-03
6.921327286230079257e-03
6.790740603526653103e-03
7.493205147168906580e-03
7.822001117354605501e-03
