7.598908096433085180e-02
6.826710695333004786e-02
5.767228760227606499e-02
4.481169569503440364e-02
3.469826987897300236e-02
2.673926553809910511e-02
2.382305160405735756e-02
1.961125040429167327e-02
1.262525825045889526e-02
1.098364860581845480e-02
9.332631409047604035e-03
9.427437513452251519e-03
7.360934925318488031e-03
6.044208600851422135e-03
5.977382064878095785e-03
5.316320042829151930e-03
4.768085988913134572e-03
4.758941764498000535e-03
4.262557733771902765e-03
4.507728622099334628e-03
4.326025161297228014e-03
4.424857859561513902e-03
4.381630478328180957e-03
5.084409521974406210e-03
5.532834414961294855e-03
