3.955066051000512230e-09
2.020045799009196178e-07
2.214050359664345340e-07
-7.146538005733255261e+00
-2.045381207066486740e-01
-1.658808461115923061e+00
-1.233613722800109835e+00
-6.116798133785811276e-01
1.625618359688076664e+00
1.231145329551221801e+00
-3.183386413308052276e+00
1.604823575033692273e-01
5.700430599320185365e-01
-3.946162862787005454e-01
1.162336552139588752e+00
2.975755002149139461e+00
8.127386649924251971e-01
-5.957032233646861741e-01
-3.105859798248893910e-01
-1.544813846348946473e+00
-1.237520597468501349e-01
-6.137430451309142665e-01
1.513212343736433763e+00
-5.412184700582832741e-01
-2.465412434528633678e+00
-8.922705036668848733e-01
3.885522726209092337e+00
4.416745360953093780e-01
-5.842425149092728143e-01
7.914193045739734700e-01
-1.562172377381294996e+00
9.480708217387913417e-02
4.088418542275953915e-02
