-3.368760357022626550e+00
-4.218961628695004684e+00
-5.016080827419350463e+00
-5.783235730745154513e+00
-6.479237295168067234e+00
-7.137377092889146901e+00
-7.705666771463426379e+00
-8.206181131110160010e+00
-8.698200690342131836e+00
-8.999662486091290603e+00
-9.217049768563766676e+00
-9.340080481205148999e+00
-9.516211168240811702e+00
-9.592871179410485283e+00
-9.572438817497426200e+00
-9.649922476420210060e+00
-9.647022476757991072e+00
-9.674604594135173485e+00
-9.704115274645479516e+00
-9.798946558833364406e+00
-9.997168497151989186e+00
-1.022327402636317473e+01
-1.062794223389279580e+01
-1.112990188164688909e+01
-1.183645932621331021e+01
-2.706220000744446796e+00
-2.935027072892320454e+00
-3.782072177888023745e+00
-4.594735330114338545e+00
-5.333679709421302206e+00
-6.033761902439326086e+00
-6.644271367190104804e+00
-7.188273506234987842e+00
-7.725752231353544275e+00
-8.075060771338389287e+00
-8.342811366243324755e+00
-8.518563745190334657e+00
-8.749329033705086189e+00
-8.881803958393172493e+00
-8.917346994743358124e+00
-9.049659505239569413e+00
-9.098847574767860991e+00
-9.173895539161669888e+00
-9.244081200530363418e+00
-9.370340751281254654e+00
-9.588001189589492768e+00
-9.818525195853522902e+00
-1.020927439740700748e+01
-1.067537287480661412e+01
-1.132023247520193543e+01
-2.795318279953443952e+00
-2.368311289470744985e+00
-2.613904669583849927e+00
-3.477122704127349806e+00
-4.261087513795392745e+00
-5.002654736739549080e+00
-5.652802514840005621e+00
-6.235974569638638165e+00
-6.813222764612528515e+00
-7.203657911889890464e+00
-7.514339471039622964e+00
-7.734964027385167640e+00
-8.012369198123321823e+00
-8.192767836411219307e+00
-8.276724179298074802e+00
-8.456834985870084864e+00
-8.551791372558083637e+00
-8.668852341844321074e+00
-8.775259997501700937e+00
-8.929604468665722550e+00
-9.164556325315896146e+00
-9.398611454778041718e+00
-9.775854326588257592e+00
-1.020782150127247156e+01
-1.079402694002914842e+01
-2.860862861426533232e+00
-2.460195740680440224e+00
-2.139596925797252691e+00
-2.420254547546170976e+00
-3.251317404116039977e+00
-4.033912292021557100e+00
-4.721116913794076275e+00
-5.339141023124297725e+00
-5.950468989669820630e+00
-6.375310604586517549e+00
-6.721490778891945794e+00
-6.979138023908144639e+00
-7.295188358149110819e+00
-7.515619510716978979e+00
-7.640427068967972524e+00
-7.861305616576278688e+00
-7.995710568734373247e+00
-8.149331701005806394e+00
-8.287508364484606815e+00
-8.466594409916446295e+00
-8.716690603185082153e+00
-8.953389501866542588e+00
-9.317538720220630566e+00
-9.717104438044897208e+00
-1.024769669502301994e+01
-2.939271978314425215e+00
-2.559077285955913439e+00
-2.252909541893933554e+00
-2.064892511519710983e+00
-2.340787608269939923e+00
-3.163952798301274516e+00
-3.885632793781640171e+00
-4.534191097652369606e+00
-5.173909138704434696e+00
-5.626437080413116298e+00
-6.000683518747368161e+00
-6.287503962369823896e+00
-6.634204740736389994e+00
-6.886777207925492306e+00
-7.044873890140727291e+00
-7.299489623540257099e+00
-7.467023389267273714e+00
-7.651751842391604441e+00
-7.817244526999352239e+00
-8.017728800353552288e+00
-8.280822248376701111e+00
-8.519277562246939439e+00
-8.870745803502545712e+00
-9.239639912977990477e+00
-9.717660005820025759e+00
-3.029934228218035042e+00
-2.664344528325659045e+00
-2.368112162127087306e+00
-2.183660957114212486e+00
-2.083622205558062213e+00
-2.392164851548746363e+00
-3.145738754833202311e+00
-3.820513393463109253e+00
-4.482931812677716010e+00
-4.956425940923125495e+00
-5.351306291464487330e+00
-5.659450442293483263e+00
-6.028806944328713335e+00
-6.305629525841593974e+00
-6.489453240290884217e+00
-6.770775604081480381e+00
-6.965118431414973443e+00
-7.175501363245547104e+00
-7.363857082296255463e+00
-7.582396237237179371e+00
-7.856339858155050315e+00
-8.095664233177584990e+00
-8.434864173666428044e+00
-8.774816523246512290e+00
-9.203305452885555127e+00
-3.201235170655488460e+00
-2.844383028337281960e+00
-2.553590352210728387e+00
-2.369507415224877178e+00
-2.263474853594732217e+00
-2.276311092362557797e+00
-2.569820355268837897e+00
-3.266493471221188383e+00
-3.945922571523229117e+00
-4.433662745639200153e+00
-4.841744656083588616e+00
-5.163363021709279188e+00
-5.547380525728369705e+00
-5.840562020263217136e+00
-6.042550674551294243e+00
-6.343549112928228872e+00
-6.558381249649148259e+00
-6.788965817850781015e+00
-6.995731584497836941e+00
-7.228982274555633580e+00
-7.511628986431142074e+00
-7.750935068603963529e+00
-8.078279384877550484e+00
-8.391019823479842543e+00
-8.773018592206490496e+00
-3.351033744080150534e+00
-2.997051724645657611e+00
-2.707203051249141623e+00
-2.520290828411086093e+00
-2.406275237480839380e+00
-2.405060964603810802e+00
-2.466736657559423396e+00
-2.769990267067954370e+00
-3.460740357127247702e+00
-3.956006438794140490e+00
-4.369857558417135301e+00
-4.697100647221957637e+00
-5.087784431453330924e+00
-5.389433637089672047e+00
-5.602025138130991344e+00
-5.915669094810766637e+00
-6.144670788510151915e+00
-6.390004150800322691e+00
-6.610726978399914522e+00
-6.855345857344384619e+00
-7.144548578395148120e+00
-7.382949013654184434e+00
-7.698850381837464951e+00
-7.986108757443638240e+00
-8.324658365966786988e+00
-3.403060048567897677e+00
-3.046080718137465393e+00
-2.752680361165849465e+00
-2.559741300191940461e+00
-2.435753465620769997e+00
-2.419601823946968988e+00
-2.460805836905146649e+00
-2.578862530963021982e+00
-2.951115266469644727e+00
-3.447187123901858108e+00
-3.859375105061610522e+00
-4.184393427661782461e+00
-4.573748771891152920e+00
-4.875974487496396392e+00
-5.091606742323453005e+00
-5.410865660709562874e+00
-5.647717158494153011e+00
-5.902346472118571441e+00
-6.132573373660024529e+00
-6.385217095017761579e+00
-6.678828743304030091e+00
-6.915436177438724741e+00
-7.220307273432914563e+00
-7.483813433631575585e+00
-7.781954882028126796e+00
-3.607050956739457970e+00
-3.241206880050090167e+00
-2.939759152834905187e+00
-2.737595701348288113e+00
-2.601646409384616998e+00
-2.569670545574940235e+00
-2.590496223199733272e+00
-2.683363471408049428e+00
-2.901066794851749897e+00
-3.156941662449917363e+00
-3.560034155680920964e+00
-3.874978220062020640e+00
-4.255010402018701399e+00
-4.549921425044824552e+00
-4.761032339775054467e+00
-5.078875662731632268e+00
-5.317257211428525920e+00
-5.575729633487585879e+00
-5.811007621847259053e+00
-6.068332839038680149e+00
-6.364206332618412176e+00
-6.598133411736340825e+00
-6.892386912380485064e+00
-7.133870706650395022e+00
-7.394644998128084623e+00
-3.814631114794172717e+00
-3.434054857300935293e+00
-3.120064073577163200e+00
-2.905478679466168668e+00
-2.755578716392521166e+00
-2.706891776887788925e+00
-2.707432464797163263e+00
-2.776045467035719305e+00
-2.965548114170994509e+00
-3.084181184272762888e+00
-3.323459359800626789e+00
-3.620479677508609662e+00
-3.983193976854196627e+00
-4.262899105991683868e+00
-4.461926587408414413e+00
-4.771323757990765024e+00
-5.004915604336017232e+00
-5.261778291780752070e+00
-5.497654379770286148e+00
-5.756317746243105660e+00
-6.052306003185816685e+00
-6.282665373213706772e+00
-6.566713954762155581e+00
-6.787905231378356774e+00
-7.014353367139931628e+00
-4.115754010424405251e+00
-3.714578137020339010e+00
-3.383548609782470074e+00
-3.153343720515942028e+00
-2.987503872237963876e+00
-2.921219003208467502e+00
-2.901568047249908577e+00
-2.946862005758307479e+00
-3.109786508550860695e+00
-3.198852618476372367e+00
-3.308286525544333667e+00
-3.510851282205170953e+00
-3.848252977904064398e+00
-4.104861011130728876e+00
-4.284242965456960484e+00
-4.578163426244238110e+00
-4.800645816548858136e+00
-5.050445926005146191e+00
-5.282467126263822976e+00
-5.539125295431730045e+00
-5.833081233865812010e+00
-6.058985540871821840e+00
-6.333241879850852740e+00
-6.535870487579272137e+00
-6.731033469630431476e+00
-4.313596150363395942e+00
-3.885953227505396068e+00
-3.533389271351239369e+00
-3.284367335845554070e+00
-3.100598389612662764e+00
-3.015828738555900834e+00
-2.976079485815038339e+00
-2.998989604076639726e+00
-3.136958496637776150e+00
-3.198596802077407819e+00
-3.278616089551671831e+00
-3.352517336561017913e+00
-3.653363924171108668e+00
-3.878983661152776374e+00
-4.031157996301110380e+00
-4.302571191375221815e+00
-4.507624373006777319e+00
-4.744909061582339049e+00
-4.968622386736650576e+00
-5.219932011742666411e+00
-5.509708549442968284e+00
-5.730270439064042876e+00
-5.995147211348372807e+00
-6.180942997867241218e+00
-6.347861826443844002e+00
-4.548869529540626289e+00
-4.088892122944643326e+00
-3.710298051362414196e+00
-3.439261517868009932e+00
-3.235574260270196234e+00
-3.131432974013156567e+00
-3.071678771062124280e+00
-3.073140252453720578e+00
-3.187776069562638259e+00
-3.224125728772685662e+00
-3.277199287098711444e+00
-3.323165830998212833e+00
-3.493857382086010599e+00
-3.725979044013819852e+00
-3.843383665698536067e+00
-4.085259037983992592e+00
-4.266563257690417110e+00
-4.485879682255101919e+00
-4.696832144939222964e+00
-4.939449879059163884e+00
-5.222899934000733602e+00
-5.437232052173754049e+00
-5.693141934156373374e+00
-5.863834748054842727e+00
-6.005550424896303419e+00
-4.883656439479795885e+00
-4.385477114215516004e+00
-3.976357239946513467e+00
-3.680108555873132126e+00
-3.454513772878156530e+00
-3.330113997615752108e+00
-3.250448190332666965e+00
-3.231396237517558223e+00
-3.324321513326879085e+00
-3.337521684276985923e+00
-3.366118404927294527e+00
-3.386745797045894957e+00
-3.532054355955095204e+00
-3.632945154200951432e+00
-3.783002259722554772e+00
-3.988309250879155776e+00
-4.139544754970288842e+00
-4.335440072130536393e+00
-4.529178684831087764e+00
-4.759761181320312673e+00
-5.034737671564376349e+00
-5.241952664365198800e+00
-5.489308332603489937e+00
-5.646628022685266757e+00
-5.766181549864433542e+00
-5.184312657243466127e+00
-4.642063979631110726e+00
-4.197922616792932438e+00
-3.873264230810118391e+00
-3.623772709573623185e+00
-3.478227592642942234e+00
-3.378743528023132381e+00
-3.340113344697781539e+00
-3.412950614236742730e+00
-3.405140455516647346e+00
-3.411729230411788549e+00
-3.409613023284181921e+00
-3.532041547360489364e+00
-3.610852349021540064e+00
-3.631446954072724331e+00
-3.878077619415563504e+00
-3.992924653739888363e+00
-4.159946020452542470e+00
-4.332017795909876234e+00
-4.547221708011556451e+00
-4.811577551414892184e+00
-5.010788064623350024e+00
-5.250002195293314244e+00
-5.395678609801997538e+00
-5.496110988505613193e+00
-5.503239619784396908e+00
-4.911054155811097388e+00
-4.427395618134988275e+00
-4.071129978381471837e+00
-3.795752505705977331e+00
-3.628175194068401943e+00
-3.508966218709386631e+00
-3.451693008191851320e+00
-3.506064806186840688e+00
-3.479383476245866191e+00
-3.466433197446420866e+00
-3.444168944133465526e+00
-3.546220392371334018e+00
-3.605126124233908325e+00
-3.607309774893128207e+00
-3.730761169879504013e+00
-3.879104387336206106e+00
-4.011798959688111843e+00
-4.157750910560500834e+00
-4.354232891610417155e+00
-4.605821006170479848e+00
-4.796139685723820101e+00
-5.027624955196170475e+00
-5.163387942659472429e+00
-5.247740174531983826e+00
-5.885571281327360182e+00
-5.237581596373167336e+00
-4.709910197049516967e+00
-4.318839751030479235e+00
-4.015587113139864606e+00
-3.825090753289132284e+00
-3.686250213348784222e+00
-3.611269178531858692e+00
-3.648798039308229768e+00
-3.605384696242782905e+00
-3.575364255581902739e+00
-3.535547509149290502e+00
-3.619724840885607975e+00
-3.660900431136348221e+00
-3.646268403816640635e+00
-3.754893964429617981e+00
-3.791775234722349008e+00
-3.936132839346666135e+00
-4.051511978092893429e+00
-4.225928681479405924e+00
-4.462601985272012683e+00
-4.643141477205463552e+00
-4.867310561960513482e+00
-4.994889971040531229e+00
-5.066203057932153087e+00
-6.232792638810129127e+00
-5.523131299559655538e+00
-4.946951353016389774e+00
-4.517878549456983528e+00
-4.184761533674858924e+00
-3.970459273090594543e+00
-3.812080515637807476e+00
-3.720326860276094827e+00
-3.742635318956077040e+00
-3.684629121545426766e+00
-3.640007411350733246e+00
-3.585233725140681837e+00
-3.654039899814577552e+00
-3.679660276726784307e+00
-3.649807848808068744e+00
-3.744355398599502838e+00
-3.769397333686455465e+00
-3.819723214202184636e+00
-3.914786003307044737e+00
-4.063794082965562993e+00
-4.283405494327178431e+00
-4.453278444700246474e+00
-4.670544021113436806e+00
-4.791669700274216126e+00
-4.852984643708488477e+00
-6.670529268109621768e+00
-5.893328839515136863e+00
-5.264144658553986389e+00
-4.793871944548378394e+00
-4.428901336572211633e+00
-4.189906321429631042e+00
-4.012082692380288584e+00
-3.904491619163785288e+00
-3.913202209889197203e+00
-3.842742316044913675e+00
-3.785988227979694365e+00
-3.718853154993244647e+00
-3.774791132076203315e+00
-3.787031224298402776e+00
-3.743553673902015877e+00
-3.824771038321902239e+00
-3.837590025756326906e+00
-3.877885023326506531e+00
-3.901913312131929157e+00
-3.993454659600669920e+00
-4.193857097731859440e+00
-4.352176152979012613e+00
-4.562950897715982279e+00
-4.679352695732381662e+00
-4.733710497689876284e+00
-7.078292440118706175e+00
-6.227685488817694015e+00
-5.541001387800608136e+00
-5.026331211944170541e+00
-4.627517798868266752e+00
-4.362943176544719748e+00
-4.165768022880937949e+00
-4.043274735495497652e+00
-4.040009993337354999e+00
-3.959235561801104364e+00
-3.892817988183861821e+00
-3.815917081822711499e+00
-3.861489820909476123e+00
-3.862524556976406398e+00
-3.807017161981717912e+00
-3.875652166273143795e+00
-3.875864594183955791e+00
-3.904313492268834285e+00
-3.918297144776526242e+00
-3.967117997333211576e+00
-4.073468073897725361e+00
-4.219345881850575353e+00
-4.424042471820415656e+00
-4.537450237377187889e+00
-4.587891899550946562e+00
-7.529670944261376064e+00
-6.599790035765289886e+00
-5.851110328000972416e+00
-5.288845137901998505e+00
-4.854199705856042435e+00
-4.563158622948543908e+00
-4.346725291024947424e+00
-4.210264992601223000e+00
-4.196647452122540756e+00
-4.107697641174336667e+00
-4.034085473939566846e+00
-3.950014287359104426e+00
-3.987724747989612517e+00
-3.979729056576865709e+00
-3.913787095158221874e+00
-3.970587565001101993e+00
-3.957809822204205297e+00
-3.972597405923809166e+00
-3.972973253891189493e+00
-4.009204626301642094e+00
-4.106535521797454180e+00
-4.128376413234616571e+00
-4.327407526976892349e+00
-4.439551109182616528e+00
-4.489117633558691089e+00
-7.980587680234035197e+00
-6.965565380495791103e+00
-6.150394379706290771e+00
-5.537336623409425229e+00
-5.064869958975947384e+00
-4.746475562488703837e+00
-4.510877399032054313e+00
-4.361385293045527689e+00
-4.339037489134274672e+00
-4.244051457354566459e+00
-4.165713588694047509e+00
-4.077067675241506706e+00
-4.109418817072840291e+00
-4.094567626902398949e+00
-4.019786377223813822e+00
-4.065500138244903638e+00
-4.039348613494144757e+00
-4.038659668014161319e+00
-4.021864543873745035e+00
-4.039862784062422385e+00
-4.118754648232632043e+00
-4.171585990644102182e+00
-4.228968963441881002e+00
-4.341578213002747155e+00
-4.393310601814905070e+00
-8.518154268704503096e+00
-7.412123132841502482e+00
-6.525965151293678268e+00
-5.858917275730202157e+00
-5.346640164571692111e+00
-5.000005600714753307e+00
-4.745335951871781255e+00
-4.583747241314383380e+00
-4.554291708414021755e+00
-4.455408613958415920e+00
-4.374813935661310715e+00
-4.284188848331470290e+00
-4.313683630770430710e+00
-4.294151870471032417e+00
-4.212126610784181047e+00
-4.247501488874151576e+00
-4.207592571352179789e+00
-4.189611882439006507e+00
-4.152082619470332858e+00
-4.146204076752290746e+00
-4.198584061166338977e+00
-4.222983769245386654e+00
-4.360081054507945808e+00
-4.330643154672260131e+00
-4.387582411517451320e+00
-9.039964593686240946e+00
-7.837057177322421353e+00
-6.875416528542021233e+00
-6.151180981844644791e+00
-5.597104210774899613e+00
-5.221342626797848219e+00
-4.947694839573485659e+00
-4.774944728202509481e+00
-4.740004001481467277e+00
-4.639363003202971569e+00
-4.558980407712462046e+00
-4.468971700071755038e+00
-4.498113082965223164e+00
-4.476075681435417231e+00
-4.388401690080500295e+00
-4.414185511039026899e+00
-4.360135589667186728e+00
-4.323047942683964528e+00
-4.261221373678952595e+00
-4.225822396928698765e+00
-4.243617652887087921e+00
-4.228718784935855624e+00
-4.322345705070499200e+00
-4.434690108313907864e+00
-4.369526952608780768e+00
