5.922943727111250334e-02
5.150978267930947374e-02
4.498650501345399788e-02
3.686360671603423900e-02
3.062332337379289338e-02
2.374616359711564234e-02
1.916505435297321397e-02
1.531008912531277646e-02
1.064787465669483554e-02
9.680241025119383155e-03
9.189853930272993618e-03
9.445259280187256329e-03
7.731169230041480198e-03
7.200278712326800903e-03
7.781943487125115785e-03
6.541159286663066064e-03
6.539560198332083213e-03
6.319251324774454413e-03
6.542829231612004755e-03
6.597973252788878404e-03
6.251824277816232268e-03
6.920466755705781924e-03
6.790392510387679298e-03
7.493148239515312788e-03
7.821450205687360130e-03
