7.598745018773461757e-02
6.826754538476767498e-02
5.767439470800304196e-02
4.481295199627568365e-02
3.469771743268510594e-02
2.673538744188931615e-02
2.382734062603258235e-02
1.961837912781659587e-02
1.261758192545581365e-02
1.098070499971234501e-02
9.329785716586616595e-03
9.433118447486359484e-03
7.360750693686291674e-03
6.041188755072137914e-03
5.978284645255810097e-03
5.316032636373229335e-03
4.766675608006898032e-03
4.759679820364966230e-03
4.261315033646186426e-03
4.509535289907968571e-03
4.327437340970395965e-03
4.427520962365340956e-03
4.383581480681709823e-03
5.087400736115956987e-03
5.525427156084027937e-03
