1.163316150094788698e-08
8.044417441210295424e-08
-7.157106040605357933e+00
-1.984874391558449080e-01
-1.697860738405371883e+00
-1.172484361400128572e+00
-6.214994023249299504e-01
1.635890108131562215e+00
1.266785945159662141e+00
-3.240110491132786041e+00
1.785640962178847990e-01
5.615306594435811594e-01
-3.731707423955293867e-01
1.123002251304158428e+00
3.002155393876982714e+00
8.129360518938940627e-01
-5.952747482112641375e-01
-2.941261346019313772e-01
-1.543065491642441556e+00
-1.543867610283842229e-01
-6.100841269396222177e-01
1.514428348947644887e+00
-5.515431541489747014e-01
-2.467300374624288750e+00
-8.903508170286639212e-01
3.883115543730913277e+00
4.393808255702505439e-01
-5.741068725750093638e-01
7.758206920750752023e-01
-1.550176424658585850e+00
8.775660149372610519e-02
5.047617242150718997e-02
