-3.368074151042673492e+00
-4.221247174877558628e+00
-5.020617136300322692e+00
-5.789524140328086155e+00
-6.486990248049639085e+00
-7.146289847369175163e+00
-7.715569538719689646e+00
-8.216876593690269459e+00
-8.709310512574360175e+00
-9.011404887539784525e+00
-9.229345888587427993e+00
-9.352992132020849780e+00
-9.529433366478748724e+00
-9.606593373678901315e+00
-9.586879974173299956e+00
-9.664776991776417248e+00
-9.662513902962626133e+00
-9.690632802984437077e+00
-9.720645746221672212e+00
-9.815775152312184559e+00
-1.001399762873182553e+01
-1.023989133188921130e+01
-1.064387552225212552e+01
-1.114475210107792513e+01
-1.184961250233190810e+01
-2.716539029457249121e+00
-2.946890319242907452e+00
-3.794014860651744758e+00
-4.606914835138566922e+00
-5.346371525135836578e+00
-6.047053308544930061e+00
-6.658363180682654203e+00
-7.203218696189037651e+00
-7.741211416698496883e+00
-8.091557599306440807e+00
-8.360325192103994496e+00
-8.537267759340723572e+00
-8.768643616132916208e+00
-8.902021012902510577e+00
-8.938791431912555652e+00
-9.071594783043847698e+00
-9.121583581380035000e+00
-9.197104227626878625e+00
-9.267617963797055936e+00
-9.393754450187095983e+00
-9.610685824358723650e+00
-9.840202947488812413e+00
-1.022906369082589251e+01
-1.069268991039560568e+01
-1.133378966484685080e+01
-2.813260308773688489e+00
-2.392109534078739497e+00
-2.639869656858793157e+00
-3.500259418160765357e+00
-4.282766601722270750e+00
-5.023634320505123263e+00
-5.673800981816208733e+00
-6.257397219801837274e+00
-6.834875475026150227e+00
-7.226413761487585852e+00
-7.538282427773426164e+00
-7.760401172340234410e+00
-8.038516926055329748e+00
-8.220021135804088885e+00
-8.305511172968770950e+00
-8.486053891411454941e+00
-8.581842132494031716e+00
-8.699217730910232760e+00
-8.805716427957078096e+00
-8.959500333712686171e+00
-9.193032866951677207e+00
-9.425365347326334131e+00
-9.799650491357521531e+00
-1.022790838865888396e+01
-1.080844013754233401e+01
-2.885765352674984907e+00
-2.493521428325980782e+00
-2.178963487181411640e+00
-2.460989590251436709e+00
-3.286846690724500863e+00
-4.066275696417548602e+00
-4.751949622984674271e+00
-5.369400804257335125e+00
-5.980236497952865271e+00
-6.405879775487440142e+00
-6.753111492966246132e+00
-7.012294044836231421e+00
-7.328961219006079553e+00
-7.550527981517848986e+00
-7.677011489698688074e+00
-7.898156281484817853e+00
-8.033323089808991568e+00
-8.187031442078296806e+00
-8.325016259814832509e+00
-8.503094191760766307e+00
-8.751110920851241204e+00
-8.985426701650569115e+00
-9.345641679808798230e+00
-9.740373409322666376e+00
-1.026351107768127946e+01
-2.970715005296963085e+00
-2.601573097788960176e+00
-2.302710225580959502e+00
-2.120018364995118532e+00
-2.396579688579896228e+00
-3.212292136568364320e+00
-3.929663794177444380e+00
-4.575865848152020021e+00
-5.213823613182519523e+00
-5.666442649833476786e+00
-6.041279117514621433e+00
-6.329409110823848827e+00
-6.676432228871112429e+00
-6.930005404269885538e+00
-7.089777005944491783e+00
-7.344400099137622817e+00
-7.512543955631591608e+00
-7.697077637883547929e+00
-7.862059828055021349e+00
-8.061079266549155520e+00
-8.321452008585710658e+00
-8.556900168154307096e+00
-8.903521796368231378e+00
-9.266544414893720827e+00
-9.735448823287125464e+00
-3.067558788081263366e+00
-2.715677336764629413e+00
-2.428209195161175948e+00
-2.249569387903019191e+00
-2.153977064177119871e+00
-2.462454893814840506e+00
-3.207182322490209181e+00
-3.876605674222004527e+00
-4.535209396289834771e+00
-5.007578426691698503e+00
-5.402215841734893331e+00
-5.711158067696961993e+00
-6.080323950030384950e+00
-6.357843825610132171e+00
-6.543206542377632218e+00
-6.824186438288795564e+00
-7.018915272900676072e+00
-7.228773863564390112e+00
-7.416269572371617436e+00
-7.632876490129898883e+00
-7.903467413297913247e+00
-8.139183404842095015e+00
-8.472669008046766592e+00
-8.805782239745605366e+00
-9.223603668824694068e+00
-3.244659673034495651e+00
-2.904199776365985031e+00
-2.623721202284040377e+00
-2.446210933372518603e+00
-2.344720554032970750e+00
-2.360523187160341596e+00
-2.654066464392737856e+00
-3.340775287357029555e+00
-4.013179444920647043e+00
-4.497881470481011945e+00
-4.904420265763165254e+00
-5.225993811533340860e+00
-5.609053800429148140e+00
-5.902445094144591842e+00
-6.105700163415781034e+00
-6.405908517779132616e+00
-6.620831769608741979e+00
-6.850515620574190834e+00
-7.056041766669400417e+00
-7.286878966953413972e+00
-7.565541858191544122e+00
-7.800650860240637030e+00
-8.121443504007599401e+00
-8.426433637975446089e+00
-8.796311951838919896e+00
-3.399839571835590046e+00
-3.064978384933107591e+00
-2.787068006560631694e+00
-2.607615497632421953e+00
-2.498543559409078352e+00
-2.500075640708129932e+00
-2.563953988137944950e+00
-2.867182386491171631e+00
-3.546254913377532070e+00
-4.035620824383786776e+00
-4.446010712938656795e+00
-4.771953764689391697e+00
-5.160598253299164107e+00
-5.461754690101540355e+00
-5.675190912458244696e+00
-5.987482888454293217e+00
-6.216204030660645863e+00
-6.460208287117866099e+00
-6.679278453311457753e+00
-6.920983427785929010e+00
-7.205563695040400063e+00
-7.439182199149960262e+00
-7.747713335697080872e+00
-8.026354970634240971e+00
-8.351418627898706148e+00
-3.456760054117040237e+00
-3.121699413601449979e+00
-2.841945860428339188e+00
-2.657456130882533962e+00
-2.538957392594722862e+00
-2.525656480448089880e+00
-2.568786607541344136e+00
-2.688249686012919248e+00
-3.058894306858170875e+00
-3.545028698366627928e+00
-3.951085711582363214e+00
-4.273045848787431211e+00
-4.658888929107315668e+00
-4.959659408110516310e+00
-5.175542996741516966e+00
-5.492746925831275107e+00
-5.728855765609544015e+00
-5.981663842484854499e+00
-6.209783489697269232e+00
-6.458985219134778077e+00
-6.747318391377574720e+00
-6.978554297940245732e+00
-7.275244582628091372e+00
-7.529301059204210667e+00
-7.812665692480463164e+00
-3.665076098758075052e+00
-3.324029606586763386e+00
-3.038031405195548373e+00
-2.845407926955158651e+00
-2.715603799264163065e+00
-2.686727438304252757e+00
-2.709499272602626352e+00
-2.803433495674925169e+00
-3.020625780100334445e+00
-3.276176531380172285e+00
-3.669673408151974847e+00
-3.979281226449308040e+00
-4.353903316775390664e+00
-4.646100200344473130e+00
-4.856673718279856722e+00
-5.171585502956697056e+00
-5.408651938440737439e+00
-5.664728971170307936e+00
-5.897389942298840282e+00
-6.150704454408898236e+00
-6.440613075217248351e+00
-6.668564400907307288e+00
-6.953822987902695374e+00
-7.185045895544692307e+00
-7.429812809788050920e+00
-3.876334637546828166e+00
-3.523532388272298643e+00
-3.226900902034939733e+00
-3.023054425722706995e+00
-2.880061316889844125e+00
-2.834829812704345642e+00
-2.837466683666199252e+00
-2.907071987618821129e+00
-3.095473105111312240e+00
-3.216004152919544889e+00
-3.453337005710023444e+00
-3.742306212056601300e+00
-4.097399111843110120e+00
-4.372871725431016543e+00
-4.570388261949942077e+00
-4.875793029815416624e+00
-5.107373070886032096e+00
-5.361165899916751520e+00
-5.593843675091484613e+00
-5.847870407192367281e+00
-6.137160593582861701e+00
-6.360913502031200650e+00
-6.635136459971893608e+00
-6.845264723457669120e+00
-7.054519761964489710e+00
-4.180400941333519249e+00
-3.810092653146398778e+00
-3.498456556538726669e+00
-3.280311846429288192e+00
-3.122253199796010126e+00
-3.059880657774550539e+00
-3.042573277495637551e+00
-3.088902662604386062e+00
-3.250408613943478020e+00
-3.341020998960876121e+00
-3.452667830749347910e+00
-3.651707718521099988e+00
-3.979166962153505960e+00
-4.229911885438528252e+00
-4.406709044788180485e+00
-4.695448902479993691e+00
-4.915117562742755020e+00
-5.161072426723398721e+00
-5.389232645001803768e+00
-5.640555491998776816e+00
-5.927015265523809973e+00
-6.145642286151620226e+00
-6.409210662784955659e+00
-6.599969501422603635e+00
-6.776782514068884211e+00
-4.380347544300171592e+00
-3.986792387931699100e+00
-3.655794548251289910e+00
-3.420291733313251203e+00
-3.245302207654238824e+00
-3.165005593129684769e+00
-3.127936151420154243e+00
-3.152007281375581282e+00
-3.288353187724791127e+00
-3.351419311830478254e+00
-3.433261058687181677e+00
-3.510769998855555407e+00
-3.801860109796507459e+00
-4.020080657779915967e+00
-4.168642952824815673e+00
-4.433699835346584628e+00
-4.635110675202793296e+00
-4.867718413860810500e+00
-5.086842537439169476e+00
-5.332043373112556495e+00
-5.613447734598786987e+00
-5.826008259825162128e+00
-6.079287026621318368e+00
-6.252387268426200961e+00
-6.399812445100486080e+00
-4.616830668798915127e+00
-4.194277676049884107e+00
-3.839563669135037660e+00
-3.583655667947148515e+00
-3.389882823595399053e+00
-3.290886594817543198e+00
-3.234237659295291056e+00
-3.237057003569146385e+00
-3.349934172725207659e+00
-3.387682648016686393e+00
-3.442401252862333561e+00
-3.491596829477783714e+00
-3.662985152891727214e+00
-3.883514649399465224e+00
-3.996530125506210229e+00
-4.231052577238784806e+00
-4.407982183009426791e+00
-4.621831868703423218e+00
-4.827462046545678120e+00
-5.063154900043916662e+00
-5.337286938887930710e+00
-5.542834989499042742e+00
-5.786176321666097522e+00
-5.943315381792778851e+00
-6.064393018955475334e+00
-4.951924252727076592e+00
-4.494589794786771897e+00
-4.111787875633738487e+00
-3.832429983693288467e+00
-3.618030843250735540e+00
-3.499567978865542273e+00
-3.423525644956205483e+00
-3.406096190872226703e+00
-3.497178014488560471e+00
-3.511797851165912920e+00
-3.541932729343341357e+00
-3.565593690529348159e+00
-3.710853310692112661e+00
-3.814363957529102400e+00
-3.951891880566799742e+00
-4.149229828145701404e+00
-4.295579080543689976e+00
-4.485371886898406046e+00
-4.673140605179954221e+00
-4.896010338754344104e+00
-5.160698906980958789e+00
-5.358303377091552022e+00
-5.592060331348028157e+00
-5.734927433199703550e+00
-5.832687968659446831e+00
-5.252042709122924258e+00
-4.754082381238752042e+00
-4.338782723313025613e+00
-4.032918304358083184e+00
-3.796052268544455544e+00
-3.657363132908328485e+00
-3.562118328706957104e+00
-3.525443759153742640e+00
-3.596396971181450297e+00
-3.590062532485135183e+00
-3.598117309016606757e+00
-3.598896021376899679e+00
-3.720739334706284929e+00
-3.801413146245375518e+00
-3.826708295262701398e+00
-4.054079214621436833e+00
-4.163930657848654349e+00
-4.324465007718540477e+00
-4.490087642478678198e+00
-4.696896984331879743e+00
-4.950039857655938569e+00
-5.138806998160116990e+00
-5.363357081772174517e+00
-5.493644539636374446e+00
-5.571114637494852140e+00
-5.569767486628872888e+00
-5.025219771742897912e+00
-4.572950618716057569e+00
-4.237496330041244263e+00
-3.976316279015635224e+00
-3.816645461756393853e+00
-3.702393406173200674e+00
-3.647479853868984989e+00
-3.699970345127041593e+00
-3.674850378224640668e+00
-3.663316622629285924e+00
-3.643837822410957994e+00
-3.744841518417405979e+00
-3.805088598339617434e+00
-3.811272079613214903e+00
-3.933982889226371515e+00
-4.065072318740631907e+00
-4.191262503572925624e+00
-4.330513003494576907e+00
-4.518082264345263610e+00
-4.757633656736559580e+00
-4.936705578104903402e+00
-5.152457055980372402e+00
-5.271865869920547176e+00
-5.332068384470884048e+00
-5.950530010506182244e+00
-5.353309956425550631e+00
-4.859495607432065434e+00
-4.491316615427587422e+00
-4.203953053475114388e+00
-4.022541153016662818e+00
-3.889476704564048148e+00
-3.817330303936258940e+00
-3.853023271195155974e+00
-3.811280599069494901e+00
-3.782640849370929814e+00
-3.745514854604790500e+00
-3.828215316848321503e+00
-3.870299657560570594e+00
-3.859218039214290741e+00
-3.966081886769612375e+00
-4.003730131306090456e+00
-4.130696271237593642e+00
-4.239399176928838386e+00
-4.404583680625576925e+00
-4.628539036060958622e+00
-4.797080192688335742e+00
-5.004454841887141292e+00
-5.114682202810901579e+00
-5.160623516514911024e+00
-6.296030872455007810e+00
-5.640089346821069327e+00
-5.100058693400857379e+00
-4.695945675855899282e+00
-4.380491258059387327e+00
-4.176566097683251044e+00
-4.024878649700361244e+00
-3.936502976074300442e+00
-3.957063252137135834e+00
-3.900854694813153944e+00
-3.857584516216186810e+00
-3.805413363772368829e+00
-3.872331251647536998e+00
-3.898482382765539711e+00
-3.871854077599849564e+00
-3.963959863860283317e+00
-3.988977259766270489e+00
-4.036594994395818148e+00
-4.118206673331675560e+00
-4.257828026492012974e+00
-4.464196975858996552e+00
-4.621385248566385329e+00
-4.820813749915655144e+00
-4.923545636147332871e+00
-4.958207967058053001e+00
-6.731924659589655136e+00
-6.011351543925215424e+00
-5.420451003727756678e+00
-4.977130110933015494e+00
-4.631626102931255318e+00
-4.404392294336955338e+00
-4.234259200157133307e+00
-4.130651152985041819e+00
-4.137741373995886818e+00
-4.069215300253767431e+00
-4.013781510235256533e+00
-3.949158038943870075e+00
-4.002803871972668404e+00
-4.015234782479764952e+00
-3.974745702818010873e+00
-4.053033325272300758e+00
-4.065453980689551550e+00
-4.102445989996015285e+00
-4.121713634975873397e+00
-4.203556745141421302e+00
-4.390241357238897635e+00
-4.535233214794304857e+00
-4.727149966936574188e+00
-4.824058192237088427e+00
-4.850395855131733214e+00
-7.137708957301795110e+00
-6.346679177910444558e+00
-5.700356410983222766e+00
-5.214559463326092548e+00
-4.837009270047851750e+00
-4.585643430413942845e+00
-4.397224863518714777e+00
-4.279370842681840870e+00
-4.274649153265491996e+00
-4.195943097465505645e+00
-4.130801579669563850e+00
-4.056307351329789590e+00
-4.099182677602943414e+00
-4.100094284787817678e+00
-4.047414173724823705e+00
-4.112783630531453127e+00
-4.112497664989924751e+00
-4.137582503699944070e+00
-4.146791498743179538e+00
-4.186232758761757822e+00
-4.286470000598256114e+00
-4.418224907408130342e+00
-4.603029985139875713e+00
-4.695759793248480918e+00
-4.716691990919050781e+00
-7.586945879684639849e+00
-6.719650779157850806e+00
-6.013431144446682808e+00
-5.481951196125669057e+00
-5.070364075779455248e+00
-4.794025535312181674e+00
-4.587465004387258460e+00
-4.456338768134842532e+00
-4.441456501467244244e+00
-4.354695271353694608e+00
-4.282288675760142382e+00
-4.200491114226581502e+00
-4.235087278997306193e+00
-4.226667812577496797e+00
-4.163451867157862196e+00
-4.216781877467809636e+00
-4.203637083752004955e+00
-4.215383390305215805e+00
-4.211620353213793244e+00
-4.239323221878779968e+00
-4.321334987763461477e+00
-4.344273562091740537e+00
-4.522139811371943985e+00
-4.612269187228386969e+00
-4.630667073778328202e+00
-8.035568270848468586e+00
-7.086185072530291507e+00
-6.315620106057016514e+00
-5.735304633302023447e+00
-5.287728755457569818e+00
-4.985583713797860916e+00
-4.761019619012347270e+00
-4.617586100828130924e+00
-4.594186948750449417e+00
-4.501484197825769584e+00
-4.424242379615340504e+00
-4.337694393404182058e+00
-4.366491167255615480e+00
-4.350915383870318287e+00
-4.278804742082929380e+00
-4.320957933081746027e+00
-4.294779712789032367e+00
-4.291710366779142305e+00
-4.271922589438200468e+00
-4.283036654573041169e+00
-4.348824639043632700e+00
-4.385285191076485845e+00
-4.440760330795763267e+00
-4.529580324450409812e+00
-4.548232678890275160e+00
-8.570717102971956436e+00
-7.533402333912977866e+00
-6.694040562509501413e+00
-6.061759475025351840e+00
-5.576278127886398650e+00
-5.247512603035500156e+00
-5.005089448958585763e+00
-4.850310398657702748e+00
-4.820030581188494700e+00
-4.723491409645632189e+00
-4.643832759456928194e+00
-4.555073157141642959e+00
-4.580536397132946469e+00
-4.559963513188148632e+00
-4.480583425213861659e+00
-4.512405053047188197e+00
-4.472999284529457498e+00
-4.453607862077778812e+00
-4.414690184475507095e+00
-4.404227602350383464e+00
-4.446652189402619193e+00
-4.459025880803697106e+00
-4.572781247081477929e+00
-4.535045759021497425e+00
-4.556472644846766507e+00
-9.090057325929269183e+00
-7.958948401506873438e+00
-7.046324429207604823e+00
-6.358945396042234854e+00
-5.833656609694819473e+00
-5.477473214969063697e+00
-5.217345448719136414e+00
-5.052183502654922442e+00
-5.016652486066892180e+00
-4.918376127887256644e+00
-4.838709667735408004e+00
-4.750264936812865102e+00
-4.774844567138837093e+00
-4.751416889089986384e+00
-4.666375883298493399e+00
-4.688691602721362095e+00
-4.635845244200549331e+00
-4.598601328866237736e+00
-4.537415843709350582e+00
-4.500326815044546791e+00
-4.512119519704110182e+00
-4.490500518011061537e+00
-4.568037365837901653e+00
-4.656433444290663637e+00
-4.553116931994726890e+00
