5.960109347458829310e-02
5.061263605724500986e-02
4.547222378452495106e-02
3.710928172932185382e-02
3.055323200137281120e-02
2.371144518893490358e-02
1.935714634060527184e-02
1.485697382435650221e-02
1.079038643077204901e-02
9.849365561639140260e-03
9.163546136782749901e-03
9.412122837971333145e-03
7.695830017531262758e-03
7.128499557080661062e-03
7.836492245173585017e-03
6.524275528208530253e-03
6.605367334441807591e-03
6.311207605132925641e-03
6.546243887860094673e-03
6.564645185272477944e-03
6.243323058576873662e-03
6.950432945212188345e-03
6.798887971833669081e-03
7.467165138666467632e-03
7.828483705396195244e-03
