7.608740063501483186e-02
6.833605932170015718e-02
5.821487239917813583e-02
4.505510696086345579e-02
3.426336492275017936e-02
2.574244000849326697e-02
2.380206877768661217e-02
1.911386470211552668e-02
1.294552797256140128e-02
1.148713575895635858e-02
9.546616617139982303e-03
9.573222533255916142e-03
7.264716499408281278e-03
6.005334073634323658e-03
6.137452341911397470e-03
5.374476096539525065e-03
4.661511987559527337e-03
4.789627542912429717e-03
4.190299061523925471e-03
4.503597155588517573e-03
4.330842275258842307e-03
4.476784295957880744e-03
4.289904733793377389e-03
5.098870203399655764e-03
5.497761090119318572e-03
