7.371896621527920286e-08
2.122668644194378451e-01
4.332296154272280431e-01
7.036239919085600647e-01
9.162947817917298510e-01
9.999998746901440638e-01
6.919248026134096063e-01
6.243934523368355194e-01
3.451058610074308475e-01
2.013604114489482011e-01
1.640131692465816304e-01
1.113662941741438706e-01
1.084704715301533090e-01
6.367157003507264990e-02
7.964478638346581419e-04
4.335838188183255282e-03
3.607585631195344561e-02
4.551890664874184805e-08
3.595200207556395466e-02
2.690347606028584138e-02
4.602867164950882883e-02
5.817797994097102104e-02
2.088889487034016890e-01
2.133756317367053179e-01
4.102501445854883078e-01
5.130477412521818881e-01
9.999983107228119783e-01
8.435399350395986762e-01
6.963900378329307417e-01
5.101403949901280876e-01
3.273006405287082199e-01
1.767202113323097790e-01
1.565259590750426033e-01
3.906130023560331482e-02
1.972928457246981347e-08
5.802026407734672472e-03
2.850773031977157056e-03
1.741942540602921599e-02
5.914547319008200271e-02
6.569198413822427418e-02
1.797496573318177193e-01
2.314933412436908922e-01
4.748664579587548729e-01
6.630618055785197917e-01
9.712069446836081310e-01
9.999990986723343855e-01
7.405690733780727619e-01
5.468691471353336331e-01
3.078614838261968800e-01
1.257005146687024998e-03
-7.702948296585216958e+00
7.800329069009312444e-02
-2.691143751181662491e+00
-1.890001088356292103e+00
-2.133960021764701676e+00
2.145654282038081728e+00
2.584100087544703772e+00
-3.993110721345072278e+00
1.101088815296976442e+00
4.972964007049230500e-02
9.386022732227938814e-01
1.989824292648807225e+00
2.993691042579909478e+00
-2.557848637590270702e+00
-1.618119492796472603e+00
2.499680848731681948e+00
-2.429330809153595450e+00
7.530899637996451013e-01
-7.556654962660293018e-01
1.507322795820601247e+00
-1.538463668987119393e+00
-4.717703496435446953e-01
-6.240966257971838349e-01
1.481296909102475023e+00
8.799479042384978911e-01
-1.197959373889789930e-01
7.313676580417550754e-01
-1.470715196696213756e+00
2.136403125852253670e-01
-1.479180640843547612e-01
