-3.429545256986573420e+00
-4.148143341688792951e+00
-5.018920122603161893e+00
-5.838226193193493785e+00
-6.592901587856814238e+00
-7.304647781481903301e+00
-7.908327293843606220e+00
-8.411595102401852486e+00
-8.930222461893661645e+00
-9.270284338747764252e+00
-9.553333568158484113e+00
-9.770831941290449407e+00
-1.006704956780536797e+01
-1.028243889180198423e+01
-1.042636353447400666e+01
-1.064597315921931475e+01
-1.080372290804576707e+01
-1.091470857923100723e+01
-1.102801024402977781e+01
-1.114238661113184925e+01
-1.138536296030398631e+01
-1.166761641684115069e+01
-1.202332604990088782e+01
-1.238140107667438627e+01
-1.282854531715142343e+01
-3.434981775209016597e+00
-3.606088943739628849e+00
-4.474509424577338024e+00
-5.288491847846805705e+00
-6.043572501300999988e+00
-6.769430836038840660e+00
-7.410630165891337384e+00
-7.923943300106138565e+00
-8.501782540952097733e+00
-8.876279594554111085e+00
-9.167370622870974373e+00
-9.404903766329402615e+00
-9.703967301128008316e+00
-9.916270666090307273e+00
-1.008399486065775186e+01
-1.027569529428050643e+01
-1.044115635933096975e+01
-1.052837824494774921e+01
-1.064082162667383713e+01
-1.074848557786036096e+01
-1.098517900989108043e+01
-1.126230344391944271e+01
-1.158923498527875573e+01
-1.190987682471670972e+01
-1.232388028364796284e+01
-3.773750389909846348e+00
-3.616413203996681869e+00
-3.847715120982927228e+00
-4.664250856165294223e+00
-5.425005108638474738e+00
-6.160880841393459484e+00
-6.820639086003948748e+00
-7.340987138342596197e+00
-7.954096974249503127e+00
-8.352169239342581264e+00
-8.652221994909661262e+00
-8.905495813832040142e+00
-9.214845907968506111e+00
-9.434771909055065464e+00
-9.623509974817693546e+00
-9.816152435746683835e+00
-9.997948829732717257e+00
-1.008965900657602255e+01
-1.021376576098706757e+01
-1.032822972252611393e+01
-1.056691700488375218e+01
-1.083949909101616349e+01
-1.114517907882324899e+01
-1.143130445653443061e+01
-1.180303206269788951e+01
-4.043388237784505179e+00
-3.847530993453805781e+00
-3.813539874584897849e+00
-4.012778255848748366e+00
-4.779741116175951987e+00
-5.525269013841951349e+00
-6.200975890705121785e+00
-6.729463750778520215e+00
-7.371117229149668049e+00
-7.790496751940339415e+00
-8.099348507743243886e+00
-8.366628980621852563e+00
-8.686286138882827856e+00
-8.914600951826523456e+00
-9.122164562234196694e+00
-9.320721297621421542e+00
-9.519377816828018979e+00
-9.620709394656479674e+00
-9.758217122599338822e+00
-9.881710313786795652e+00
-1.012394946907671489e+01
-1.039240302954020834e+01
-1.067966799862871241e+01
-1.093418987647400620e+01
-1.126573010375643946e+01
-4.244214435968018506e+00
-4.009854658622546530e+00
-3.936358394286807449e+00
-3.891795907916887121e+00
-4.110526384083304841e+00
-4.865712773251281931e+00
-5.554520192356045882e+00
-6.091621112363474921e+00
-6.757624653454460173e+00
-7.196381772923700737e+00
-7.513510909979748575e+00
-7.793157813657704658e+00
-8.122241390419684848e+00
-8.358282153886182897e+00
-8.582501121193638838e+00
-8.788560920785924324e+00
-9.003487207701422079e+00
-9.115953483091630005e+00
-9.266971078842486165e+00
-9.399965426780045874e+00
-9.646568922567308135e+00
-9.911702697425482711e+00
-1.018319567211000809e+01
-1.040979357470309807e+01
-1.070918757666778376e+01
-4.378971928364747690e+00
-4.108271211982335025e+00
-3.997661304834287499e+00
-3.917285874359497377e+00
-3.898886762879080425e+00
-4.189343661656653950e+00
-4.890645813631350869e+00
-5.435192739650275939e+00
-6.120997316358771201e+00
-6.576553597717333943e+00
-6.901185366968928925e+00
-7.191409455820030772e+00
-7.528661668776738480e+00
-7.771473252654995001e+00
-8.010024704568778020e+00
-8.224014635115818095e+00
-8.453952611950656504e+00
-8.577746984364058136e+00
-8.741591544242467648e+00
-8.883772904426132655e+00
-9.134829825229054734e+00
-9.396998763634591967e+00
-9.654387981028037302e+00
-9.855449074455727043e+00
-1.012718566311009560e+01
-4.448901080157522614e+00
-4.138287573331163927e+00
-3.991352229379426575e+00
-3.876273746641737628e+00
-3.822508604170780089e+00
-3.884945551299544775e+00
-4.201494871717415869e+00
-4.755365955312272241e+00
-5.457396449560142138e+00
-5.926174326362768419e+00
-6.257112333956841077e+00
-6.555784516784861182e+00
-6.900643648284524367e+00
-7.149850914195841511e+00
-7.400646120646092285e+00
-7.623363788231852567e+00
-7.867477470094583758e+00
-8.002395070271633770e+00
-8.178556725106833625e+00
-8.329673005104416106e+00
-8.586397773700239711e+00
-8.847577949564040978e+00
-9.094601441880767467e+00
-9.275153355290147061e+00
-9.533102856076775211e+00
-4.540087966375290662e+00
-4.196807056154822746e+00
-4.019266656772438218e+00
-3.874420910540364638e+00
-3.789980980931923593e+00
-3.819032586028501708e+00
-3.930930587309211521e+00
-4.159647066205407029e+00
-4.878415315042166078e+00
-5.359214806792295782e+00
-5.694438716424799374e+00
-5.999442569358647503e+00
-6.348222869728807893e+00
-6.599776353100465620e+00
-6.859234864758836814e+00
-7.086036993989341504e+00
-7.340441107927746067e+00
-7.483141636158328502e+00
-7.668729763323279158e+00
-7.826597666384403240e+00
-8.086897847233370129e+00
-8.345672567190611346e+00
-8.581319616951727625e+00
-8.740706904066891880e+00
-8.979690584813164733e+00
-4.436251975342219822e+00
-4.050661912396965825e+00
-3.840628796019912805e+00
-3.664863423118158714e+00
-3.548538415008993585e+00
-3.543234415944692017e+00
-3.616030528459105220e+00
-3.671856155153764956e+00
-4.116460835982589828e+00
-4.604071289447977833e+00
-4.943571043479211724e+00
-5.252494600485865917e+00
-5.607817465608475160e+00
-5.866818050669881046e+00
-6.134187857094048901e+00
-6.372766821923621094e+00
-6.639112513576755248e+00
-6.793330898317293531e+00
-6.989839393378354693e+00
-7.155853780375639239e+00
-7.422182757498023697e+00
-7.680746689379932768e+00
-7.908523799652608766e+00
-8.049274421428632920e+00
-8.269843487246195224e+00
-4.489303817915685890e+00
-4.058324925221003632e+00
-3.817968233274237733e+00
-3.614562934954068218e+00
-3.470401480950373152e+00
-3.435827015358599468e+00
-3.476108468253885420e+00
-3.496640257235091198e+00
-3.811455479711737482e+00
-4.062189245861759446e+00
-4.404913236676945232e+00
-4.717092388398802960e+00
-5.074981034019137027e+00
-5.334434305551665645e+00
-5.605985852145011883e+00
-5.847424392897267786e+00
-6.121117273125054048e+00
-6.280340938535069917e+00
-6.484119725058366868e+00
-6.655333202359422273e+00
-6.926858006708237703e+00
-7.186241225703088986e+00
-7.408248305039663251e+00
-7.534554952400013939e+00
-7.751001803251535094e+00
-4.590420434680032358e+00
-4.127334873194683063e+00
-3.863178741530041815e+00
-3.637688042618553386e+00
-3.470493850038169015e+00
-3.410697177097534283e+00
-3.422339445156402427e+00
-3.411245804817684135e+00
-3.689687255095556395e+00
-3.855426488696004572e+00
-3.980372441852234378e+00
-4.293625265332415175e+00
-4.650197802235370048e+00
-4.906196746721894542e+00
-5.177883266342662161e+00
-5.417194848808351004e+00
-5.693408688595594569e+00
-5.854038944160644853e+00
-6.061492357390597441e+00
-6.235263503513950312e+00
-6.508611535364469347e+00
-6.766064202377685355e+00
-6.979851634492759693e+00
-7.089762661470186522e+00
-7.290800710936306217e+00
-4.753833063691966565e+00
-4.253395711787407052e+00
-3.965067743749946860e+00
-3.718242808419751633e+00
-3.529482399537333226e+00
-3.446750171147844100e+00
-3.432638286950511208e+00
-3.391927978287032630e+00
-3.639768880277041596e+00
-3.770732516810620272e+00
-3.852478410105816486e+00
-3.964339619799146508e+00
-4.318826419302509656e+00
-4.568874065225322134e+00
-4.838482992894044266e+00
-5.072037518581615778e+00
-5.348276485007157355e+00
-5.506874448516295928e+00
-5.715987357516801204e+00
-5.890753004063166820e+00
-6.166257881906979321e+00
-6.423351620706725384e+00
-6.631641976952403539e+00
-6.729156455046855001e+00
-6.927416594622047619e+00
-4.845500436930786137e+00
-4.325828345064134162e+00
-4.021319964186165663e+00
-3.759422813307106814e+00
-3.553947279686695548e+00
-3.451510629023327947e+00
-3.413774471587866621e+00
-3.347165890675187772e+00
-3.562687835741481290e+00
-3.659864840558776589e+00
-3.708973674221243133e+00
-3.809122985338758038e+00
-3.975636155653677228e+00
-4.218086276200491369e+00
-4.481850988016794268e+00
-4.708802840998239425e+00
-4.981147769502587863e+00
-5.136761402285009659e+00
-5.344702503940375493e+00
-5.518578200664554956e+00
-5.792565116371243050e+00
-6.045614146015483747e+00
-6.245120531420262466e+00
-6.326916038495211225e+00
-6.502724859882089703e+00
-4.936638585729621553e+00
-4.383036250847348825e+00
-4.057472309900044038e+00
-3.777766298707980308e+00
-3.554160922883609963e+00
-3.432005407821850707e+00
-3.371051652263333143e+00
-3.278992520252523857e+00
-3.464759775261246677e+00
-3.529220820435702066e+00
-3.547879777171995208e+00
-3.617188785264819018e+00
-3.794372635462935683e+00
-3.865222520348850832e+00
-4.123758180980746424e+00
-4.345373907940402347e+00
-4.614602651894733398e+00
-4.766496749821325096e+00
-4.973490018987980044e+00
-5.146565434323785659e+00
-5.421802150690865574e+00
-5.674283582431870698e+00
-5.869504394015324422e+00
-5.940247980628791780e+00
-6.106271196519350575e+00
-5.099445787973856170e+00
-4.495445172064060024e+00
-4.142218630803086832e+00
-3.839877044000082229e+00
-3.595024052956416583e+00
-3.452441953133935648e+00
-3.368721853369929686e+00
-3.250126075834410599e+00
-3.411984057906344514e+00
-3.445664496997939974e+00
-3.434510827757958129e+00
-3.474524555112039170e+00
-3.630686873552900540e+00
-3.718246094233422117e+00
-3.821560284590277412e+00
-4.039174012675317726e+00
-4.307527245002033212e+00
-4.454205729656710133e+00
-4.661105704440820396e+00
-4.833740610242347913e+00
-5.114414974254045454e+00
-5.371270126056109540e+00
-5.567802901964514106e+00
-5.633202879539751073e+00
-5.808470676371542574e+00
-5.255916547870425504e+00
-4.645331847084575472e+00
-4.285592019037956391e+00
-3.977004857481581279e+00
-3.724325676083269254e+00
-3.570651437412792895e+00
-3.471927806662100657e+00
-3.336227130054470358e+00
-3.474023354923669871e+00
-3.482278254715770682e+00
-3.446097021480945877e+00
-3.459638816997139266e+00
-3.590325324094680415e+00
-3.655751793134647709e+00
-3.763382473402774320e+00
-3.840736000795788474e+00
-4.097097031371479403e+00
-4.233147834766559647e+00
-4.432052793377865285e+00
-4.598874580297273695e+00
-4.874910362943251307e+00
-5.127231938984838422e+00
-5.317352959919542599e+00
-5.372502397449196998e+00
-5.531750542837652773e+00
-5.427098544359831855e+00
-4.831494350626483580e+00
-4.476788739529117045e+00
-4.171300780409444187e+00
-3.918869915811993287e+00
-3.760408689756902234e+00
-3.652456667352226738e+00
-3.506132989029333125e+00
-3.622329081785633953e+00
-3.610303518920331189e+00
-3.553385244772993445e+00
-3.543861797224413746e+00
-3.648495115191988880e+00
-3.691815181163744963e+00
-3.780449313155230140e+00
-3.839732413447650927e+00
-3.975985595159127861e+00
-4.096550679963080199e+00
-4.281844193840169233e+00
-4.438781772755804766e+00
-4.704353161744996292e+00
-4.947589592180644757e+00
-5.128203290371689427e+00
-5.172621914754913952e+00
-5.308799145638511519e+00
-5.616793926613492083e+00
-4.997881250197599989e+00
-4.631125115455656527e+00
-4.315671038990970487e+00
-4.053014178199932260e+00
-3.883339786536555760e+00
-3.760684752719186452e+00
-3.597504867814762974e+00
-3.694161542569587287e+00
-3.657784807023197082e+00
-3.579113404851220537e+00
-3.546403256117774294e+00
-3.634062961842551509e+00
-3.661138465281135623e+00
-3.734622057706086462e+00
-3.787691395479476864e+00
-3.882615846255512260e+00
-3.907563264043012019e+00
-4.086225392841153159e+00
-4.237933460450989287e+00
-4.504253897913317317e+00
-4.749439232843927883e+00
-4.931594470027845567e+00
-4.973748493557534012e+00
-5.113838952613786404e+00
-5.791424248122910790e+00
-5.198323858952914378e+00
-4.844047784430201453e+00
-4.538299218351214748e+00
-4.282008503423194945e+00
-4.113136529495584170e+00
-3.986431698263465773e+00
-3.819174922717268661e+00
-3.897641471528975998e+00
-3.845922442798897833e+00
-3.752953187539104896e+00
-3.702542305166960812e+00
-3.768714460442074810e+00
-3.777929071432710728e+00
-3.833225103941049650e+00
-3.874427702253862016e+00
-3.961941335802880548e+00
-3.920213244032175304e+00
-4.004948727309362688e+00
-4.143658054622629372e+00
-4.396683515466770054e+00
-4.631362756712062101e+00
-4.804719614365869695e+00
-4.839261969201290370e+00
-4.956709053116619579e+00
-6.016563876473808747e+00
-5.425726003016312582e+00
-5.074427001749461930e+00
-4.771248086010206890e+00
-4.515710487153416608e+00
-4.344717260207898057e+00
-4.211772135339217904e+00
-4.037202753352621798e+00
-4.100871611540195971e+00
-4.032685641820233258e+00
-3.925096347373070227e+00
-3.857376176261114953e+00
-3.907949422379132010e+00
-3.902666742321483806e+00
-3.942254221922963264e+00
-3.974125380452881995e+00
-4.054759757463931358e+00
-4.014706894588895736e+00
-4.020426772593636677e+00
-4.063150984993519899e+00
-4.311129390597427502e+00
-4.543485631900935573e+00
-4.716372618441361908e+00
-4.750221219613372625e+00
-4.866494835201544689e+00
-6.217293673418696542e+00
-5.649269361031566739e+00
-5.311017481636442383e+00
-5.018472404280220900e+00
-4.770355842933308388e+00
-4.602051885609905746e+00
-4.466806538502513746e+00
-4.290777784803643691e+00
-4.339408317246644664e+00
-4.258069270088856051e+00
-4.140649341275935313e+00
-4.059201287825297655e+00
-4.095171253061212546e+00
-4.077654110813042188e+00
-4.101295255474357582e+00
-4.123518291378758249e+00
-4.193317943491059019e+00
-4.151428025187293258e+00
-4.160591362583009101e+00
-4.132242785334232060e+00
-4.257972741226801361e+00
-4.484218021394243081e+00
-4.653441332566559119e+00
-4.685201207232929654e+00
-4.788583651408324648e+00
-6.443921771746850879e+00
-5.899423158933204014e+00
-5.575673088572093761e+00
-5.295137525197537443e+00
-5.055606379262039596e+00
-4.891187982078951890e+00
-4.754573670651371486e+00
-4.578696040622423524e+00
-4.613325506427037759e+00
-4.519930059128399513e+00
-4.394985032429488570e+00
-4.301779093993006065e+00
-4.326218193626921504e+00
-4.299237322712887277e+00
-4.307888581663624095e+00
-4.321811691495072161e+00
-4.379398007072144772e+00
-4.331987225889915472e+00
-4.337511052216246554e+00
-4.313163078275166207e+00
-4.397452126462559896e+00
-4.468164607024498913e+00
-4.636851389989558925e+00
-4.669049415211418363e+00
-4.762926316516722380e+00
-6.726487913390922557e+00
-6.252165830760815446e+00
-5.963457991171488004e+00
-5.710197743677284166e+00
-5.492020245502920339e+00
-5.341491449749489639e+00
-5.213773435695767233e+00
-5.047931975586982034e+00
-5.075041527984355483e+00
-4.979922975479222913e+00
-4.853783137226540312e+00
-4.754818343067964470e+00
-4.765735737036834507e+00
-4.727390131541942431e+00
-4.720391111837238363e+00
-4.719487818542745572e+00
-4.758598671921641099e+00
-4.700120926771061747e+00
-4.693168683340585012e+00
-4.661922288788950652e+00
-4.738628504386691809e+00
-4.812855231740584827e+00
-4.791292817745505417e+00
-4.818177097512125862e+00
-4.887258595956941676e+00
-7.020931702057605861e+00
-6.574939651847926392e+00
-6.304299162355587072e+00
-6.066271999045968144e+00
-5.858989300835473202e+00
-5.713858032928184727e+00
-5.585155101741968942e+00
-5.422793576690337680e+00
-5.434938239200383769e+00
-5.328979577191043759e+00
-5.200397174456622196e+00
-5.093787210890761585e+00
-5.099226302580549763e+00
-5.057892593871799569e+00
-5.037872867263053500e+00
-5.032968796397869760e+00
-5.057482415566123102e+00
-4.988217549209608137e+00
-4.965545781707810136e+00
-4.919355555718037287e+00
-4.980905917136412064e+00
-5.041382818170201396e+00
-5.081734869470563076e+00
-4.916923119150051313e+00
-4.975305842027388792e+00
-7.413379635523449807e+00
-7.033315951352441253e+00
-6.793202525672694669e+00
-6.578704029760511496e+00
-6.387437006680660723e+00
-6.249314099971243763e+00
-6.119466348692179203e+00
-5.965219447955461440e+00
-5.957156052108635969e+00
-5.841915875512558642e+00
-5.715939653457058789e+00
-5.605522307541336957e+00
-5.607404972447040059e+00
-5.567341449979880785e+00
-5.535173605422549770e+00
-5.529922438397688822e+00
-5.537970823401921372e+00
-5.458717066513200322e+00
-5.415122547166525635e+00
-5.346393939931416206e+00
-5.378054325010096726e+00
-5.404864812599269541e+00
-5.410265137028178906e+00
-5.337944732395266456e+00
-5.207934508789203498e+00
