5.932607734625564705e-02
5.132868933552849761e-02
4.499295719362800261e-02
3.699699197988082916e-02
3.067546443131667633e-02
2.369326725275269774e-02
1.913866558152019226e-02
1.529034413119020192e-02
1.066614423069235131e-02
9.701625720331169891e-03
9.232452667188945084e-03
9.425592231403715632e-03
7.706433456868613634e-03
7.174765007875525367e-03
7.753468735758402459e-03
6.533724012521133738e-03
6.540921514789891159e-03
6.329038261877965865e-03
6.554648148288344869e-03
6.608108131702183571e-03
6.258259143778455678e-03
6.918706148056465687e-03
6.785132740549057115e-03
7.487034435636139192e-03
7.825918249293279880e-03
