7.607952048076180307e-02
6.827608817644972850e-02
5.794984183268304251e-02
4.516580293598920076e-02
3.459293269332558429e-02
2.582103800455001069e-02
2.345491967828066890e-02
1.952410335864050023e-02
1.270435499447368846e-02
1.121103784657811499e-02
9.756959408191760719e-03
9.652889130389752381e-03
7.431566658663447261e-03
6.035868006196072957e-03
5.932887191024041607e-03
5.262381328236281040e-03
4.719382094432041444e-03
4.721843181821262780e-03
4.237578049281049385e-03
4.493255743151316345e-03
4.315741276503724105e-03
4.415356743601461277e-03
4.370329261954186695e-03
5.078108905919379024e-03
5.539193526407510879e-03
