6.680449984306364243e-09
1.359068705617397566e+00
3.974745033062183630e-01
1.601363824598900018e-02
9.850868138177260036e-02
6.792569045276970752e-02
1.771224295125728201e-08
9.690275978661872282e-08
-8.078808874068890589e+00
-2.054758541489229151e-01
-1.058821708742858414e+00
-2.290766768078779325e+00
-5.447206112676797884e-01
2.146298255098796126e+00
1.194061699355026152e+00
-3.453387075610462098e+00
1.671376786581950658e-01
6.724514733815549761e-01
-3.812311502166385591e-01
2.677633318072691004e+00
1.066044353627158658e+00
-8.807064807216135813e-03
-1.016223754160530124e+00
2.235466811526010567e+00
-2.890432143294038303e-01
-1.715841678255527913e+00
6.192563288017507300e-02
6.748667329898366818e-01
-2.207853849705388449e-01
-1.941689199150375078e+00
3.175015895602260607e-01
7.684396648006797115e-01
3.419277077630025752e-01
6.146858616829609101e-01
-1.837126097538373526e-01
-5.201880919660823999e-01
-9.990710429328929221e-02
1.244813543538599576e-01
