-3.391791490047176616e+00
-4.240120729747872907e+00
-5.032021737503642456e+00
-5.804164601464706585e+00
-6.520938320959575485e+00
-7.213802369401341785e+00
-7.829959606245568970e+00
-8.388026445601040493e+00
-8.945452178114535968e+00
-9.322036266803314319e+00
-9.620452415825313963e+00
-9.828115660547016574e+00
-1.008784351110670663e+01
-1.024592396901736890e+01
-1.030132933697304765e+01
-1.044397134645709890e+01
-1.049299901884143615e+01
-1.055410772164250943e+01
-1.059427806111298587e+01
-1.067137925944761179e+01
-1.081776472063906347e+01
-1.095226679862437535e+01
-1.121866933415515533e+01
-1.152930615859045460e+01
-1.198422751828162092e+01
-3.527732322139569998e+00
-3.763607723201854327e+00
-4.596239247958502361e+00
-5.393615617092441639e+00
-6.126440437291766017e+00
-6.828209095884334445e+00
-7.457297662529663640e+00
-8.028335369036540214e+00
-8.593791738187590568e+00
-8.988083970980609294e+00
-9.306951212872967005e+00
-9.533568574575337351e+00
-9.806223750200542710e+00
-9.988108165016237550e+00
-1.007937920470133797e+01
-1.024767129853906411e+01
-1.033345968982630048e+01
-1.042799985725044110e+01
-1.050146382613679208e+01
-1.060300094019763684e+01
-1.075839815635012187e+01
-1.089328443222689735e+01
-1.112811905135616541e+01
-1.137733210809539486e+01
-1.169696681274243844e+01
-3.901021561511051505e+00
-3.745436543593353651e+00
-3.973074484179285992e+00
-4.795488352999552895e+00
-5.549392495081559851e+00
-6.266799103009436323e+00
-6.910520141390575688e+00
-7.494604017742949154e+00
-8.071981620606967667e+00
-8.480985221978281530e+00
-8.816506646620435816e+00
-9.058307384354227665e+00
-9.347722993277583825e+00
-9.551233322584650409e+00
-9.668972395203189407e+00
-9.863963951205121816e+00
-9.979948223326028156e+00
-1.010435447936571585e+01
-1.020669598166332115e+01
-1.033266000120884698e+01
-1.050457295723232498e+01
-1.064753104633785519e+01
-1.087362694803008978e+01
-1.109461510515390437e+01
-1.134853198179314582e+01
-4.175429816705272579e+00
-4.004130368599666312e+00
-3.886174354977662393e+00
-4.133969561552700789e+00
-4.907665727105560372e+00
-5.642334769314259368e+00
-6.302715001479546331e+00
-6.901284406840564323e+00
-7.491626977992280167e+00
-7.914489350685127711e+00
-8.264946827662482676e+00
-8.519853123126088335e+00
-8.824426090234911868e+00
-9.046598915168472033e+00
-9.186461462375365983e+00
-9.405229333754178356e+00
-9.547321210858598306e+00
-9.698079941640234125e+00
-9.825899715168752380e+00
-9.974003194133914008e+00
-1.016196693977643406e+01
-1.031332186320858924e+01
-1.053477571411398017e+01
-1.073534929209663247e+01
-1.094324397095952328e+01
-4.407528066799411448e+00
-4.220877717186136913e+00
-4.077652916722533938e+00
-4.033050436684753493e+00
-4.273029925598986978e+00
-5.023654538658352209e+00
-5.699515169595528619e+00
-6.312709132197096729e+00
-6.916333062977011892e+00
-7.352492433777692682e+00
-7.716624220990730088e+00
-7.982698094313000148e+00
-8.300091587251676728e+00
-8.537789141967737194e+00
-8.695963685797870824e+00
-8.935000627030293074e+00
-9.099323971533886279e+00
-9.272849204522177757e+00
-9.422803421865225459e+00
-9.590388410239235384e+00
-9.792791908125229483e+00
-9.951724136609453097e+00
-1.016971415573786430e+01
-1.035321222377267780e+01
-1.052402521687237424e+01
-4.604420870433938440e+00
-4.403271020729181195e+00
-4.237387543710265270e+00
-4.164421622684730373e+00
-4.156980003736812534e+00
-4.427536598141042390e+00
-5.117180648854372293e+00
-5.742503097005552171e+00
-6.357905222714645532e+00
-6.806068717309017302e+00
-7.182187796638910271e+00
-7.457333033543513068e+00
-7.784880151017505412e+00
-8.034826326697890764e+00
-8.207571353792983970e+00
-8.463128677230207231e+00
-8.645794236499394714e+00
-8.838415105737677635e+00
-9.007124225066922563e+00
-9.191384401210969557e+00
-9.406250151673503979e+00
-9.571580794271483228e+00
-9.786394020852359432e+00
-9.954745952346854665e+00
-1.009380870511511752e+01
-4.744970459473552893e+00
-4.526045563256997362e+00
-4.337400011879956274e+00
-4.237995876628957603e+00
-4.201264782037258172e+00
-4.255832970622160261e+00
-4.531732765133924978e+00
-5.168579685220557884e+00
-5.793357569647104910e+00
-6.251018342457773436e+00
-6.636483194969289734e+00
-6.918133645051925740e+00
-7.253241183867838338e+00
-7.512148344742968220e+00
-7.695541720085985027e+00
-7.964250402066470613e+00
-8.161514506997313845e+00
-8.369920043505061358e+00
-8.554368282505588894e+00
-8.753097128020089102e+00
-8.979452657204399557e+00
-9.150902094953368149e+00
-9.364604843516563193e+00
-9.522088992440560062e+00
-9.640464708438333474e+00
-4.833795116225175548e+00
-4.597840373514184620e+00
-4.387971840743331242e+00
-4.264165354564483756e+00
-4.201039809120512558e+00
-4.227489309654091088e+00
-4.307791448914359833e+00
-4.602358203689537852e+00
-5.235374313782775069e+00
-5.699547736324700686e+00
-6.091121626211123186e+00
-6.376478352052111553e+00
-6.715882817614290623e+00
-6.980140577639485144e+00
-7.170307102040942127e+00
-7.448147536203035379e+00
-7.656017523209003528e+00
-7.876429271471444338e+00
-8.073195142988719653e+00
-8.283515441924761191e+00
-8.519220291269540724e+00
-8.695439774548857415e+00
-8.907805988399184471e+00
-9.055348545440851993e+00
-9.155543824801648967e+00
-4.800099600384628573e+00
-4.547183424315668354e+00
-4.317253887375702703e+00
-4.170583257821231626e+00
-4.082777792817698703e+00
-4.083560099783730024e+00
-4.136755353649482103e+00
-4.247500461571405594e+00
-4.610187792761932357e+00
-5.078233834775213396e+00
-5.471685609778093706e+00
-5.757676885040064363e+00
-6.097924707825575830e+00
-6.363759956013896435e+00
-6.556680162906858733e+00
-6.839566201506777965e+00
-7.053975779367609000e+00
-7.282578906648549122e+00
-7.488221286706283841e+00
-7.707277991056794342e+00
-7.950273934801605158e+00
-8.129997276042429277e+00
-8.340972749521073482e+00
-8.479697111938049758e+00
-8.564663079099435805e+00
-4.878502418724036005e+00
-4.607313903911084196e+00
-4.358028227114630226e+00
-4.189965529865317784e+00
-4.079314079623609146e+00
-4.056621018077532170e+00
-4.086031137953462178e+00
-4.172725860046041291e+00
-4.361623330349829075e+00
-4.626764328793027126e+00
-5.021923614148598780e+00
-5.306056644409365752e+00
-5.644104669232316240e+00
-5.907872184878396382e+00
-6.099519877544052449e+00
-6.383465065785818737e+00
-6.600365987011421964e+00
-6.833406282953020217e+00
-7.044544803369075403e+00
-7.269601706231399341e+00
-7.518044150851451057e+00
-7.700187484998145315e+00
-7.910058606039155116e+00
-8.041461829900482527e+00
-8.114975835655741321e+00
-4.928020386171262146e+00
-4.634408876089341156e+00
-4.364741568128666316e+00
-4.175481154548990936e+00
-4.042613149132760597e+00
-3.997394530460063766e+00
-4.003849809287678418e+00
-4.067988822923804371e+00
-4.234414079056463720e+00
-4.335146005011640824e+00
-4.583219703794969568e+00
-4.863794942016610889e+00
-5.197731069100400170e+00
-5.456356872100446509e+00
-5.642904598377893599e+00
-5.924365251100869756e+00
-6.139904666579348635e+00
-6.373898897286712995e+00
-6.587392130828340520e+00
-6.816060219110434026e+00
-7.068640919368311515e+00
-7.252544909582227639e+00
-7.462360108639034983e+00
-7.588748685098011038e+00
-7.656344189641600018e+00
-5.117861653811268674e+00
-4.812176685818830180e+00
-4.527839887792326934e+00
-4.321452173776089367e+00
-4.169696929141956332e+00
-4.104534876895921336e+00
-4.090830288425312489e+00
-4.135096559354860091e+00
-4.282163698852182065e+00
-4.363736355021676339e+00
-4.463287946677150231e+00
-4.636208401798369572e+00
-4.962221763634277139e+00
-5.211834220891887526e+00
-5.389518301350689988e+00
-5.663209272892279600e+00
-5.872662230691006791e+00
-6.102569455504005091e+00
-6.313778278950236356e+00
-6.541458098738915261e+00
-6.793454590157335993e+00
-6.975665991296548185e+00
-7.181313721345602197e+00
-7.298959475340719649e+00
-7.352334959700559835e+00
-5.195594384191615234e+00
-4.878564159435484271e+00
-4.580710099857126849e+00
-4.358548847053390851e+00
-4.189183447218804979e+00
-4.105182535133437227e+00
-4.071678164356312912e+00
-4.096060669910458252e+00
-4.223587000249722223e+00
-4.286165242562600675e+00
-4.366752507599907851e+00
-4.410334907988887387e+00
-4.654246249632733701e+00
-4.891631460365077011e+00
-5.056908499429145110e+00
-5.319100784659478443e+00
-5.518510223629296441e+00
-5.740437154698241784e+00
-5.945744468390786963e+00
-6.169304806001910890e+00
-6.418275810846451712e+00
-6.597235800838221920e+00
-6.798204520454373068e+00
-6.907771794776721208e+00
-6.948921316981206964e+00
-5.291725221316140981e+00
-4.964047299446062489e+00
-4.653805450615834616e+00
-4.417323262957802754e+00
-4.231836003528444579e+00
-4.130406734114647094e+00
-4.078374199143509848e+00
-4.083932844136250573e+00
-4.192849617299272857e+00
-4.237280193461406164e+00
-4.300433067711980861e+00
-4.328717073613883137e+00
-4.467431458419196311e+00
-4.632954576396284274e+00
-4.782165122378916777e+00
-5.029386626303175234e+00
-5.215038056712275605e+00
-5.425326422684762839e+00
-5.621286624678567101e+00
-5.837721331013797865e+00
-6.081307261366855066e+00
-6.255494010492828494e+00
-6.451298885822082774e+00
-6.553472391372957340e+00
-6.584428902719499987e+00
-5.465507297178962887e+00
-5.127840272881946326e+00
-4.806320105761047401e+00
-4.556910415004267634e+00
-4.356805706042067072e+00
-4.239415319466643517e+00
-4.170452429103963077e+00
-4.158650431095347599e+00
-4.250332890969476196e+00
-4.277889270453944626e+00
-4.324993086280925603e+00
-4.338621965603362440e+00
-4.463806268142278100e+00
-4.551024481163385538e+00
-4.626854612573212400e+00
-4.855448325196729975e+00
-5.023711830627218156e+00
-5.218878534519763690e+00
-5.402224067497756188e+00
-5.608697748649216663e+00
-5.844681495968708340e+00
-6.012649431217267804e+00
-6.202863794877143455e+00
-6.298360293957212974e+00
-6.321191916791276455e+00
-5.591622129624950865e+00
-5.244273543841295293e+00
-4.912352792130639578e+00
-4.651186387134467637e+00
-4.437707560284450459e+00
-4.305515795869681916e+00
-4.220327034513550402e+00
-4.191539974533987412e+00
-4.266017951109093431e+00
-4.276301178563232774e+00
-4.306607609577536522e+00
-4.305449263583667197e+00
-4.417424685083998881e+00
-4.492665768756316069e+00
-4.515956467492652671e+00
-4.663413502878101191e+00
-4.810324947496396497e+00
-4.986884743645836338e+00
-5.154433379023311446e+00
-5.348242817152671691e+00
-5.574556259368546485e+00
-5.734955568466460818e+00
-5.919238352323696439e+00
-6.008818312744183210e+00
-6.025624979844430129e+00
-5.718905641469509860e+00
-5.362038158768076990e+00
-5.020534127777471767e+00
-4.748743945983981085e+00
-4.523157597895952620e+00
-4.377398973269386317e+00
-4.277015570953521362e+00
-4.232029945861072839e+00
-4.289831716657888094e+00
-4.283020250395285444e+00
-4.296421486577085780e+00
-4.280171844170518547e+00
-4.378600629507742426e+00
-4.441694926379042840e+00
-4.454465506892395510e+00
-4.569897812687764294e+00
-4.626012963012977153e+00
-4.780141003112921005e+00
-4.928678820021467288e+00
-5.107190853354006244e+00
-5.321890081871752720e+00
-5.473469956477807763e+00
-5.651587542275053444e+00
-5.736068680056373381e+00
-5.748972564795383988e+00
-5.889763204366833094e+00
-5.523462953966173927e+00
-5.173133752513436434e+00
-4.891808593901903812e+00
-4.655354451605049348e+00
-4.497296806696459370e+00
-4.382997649445275812e+00
-4.322923566483570568e+00
-4.364990477705376293e+00
-4.341746676380093817e+00
-4.338717216159174050e+00
-4.307003344973270309e+00
-4.391368078957121668e+00
-4.441647718037819104e+00
-4.443268699778702313e+00
-4.550219753889306773e+00
-4.583850589591046187e+00
-4.642843148561267341e+00
-4.768789117016775769e+00
-4.929314196093111278e+00
-5.130505017686065372e+00
-5.272076185244348068e+00
-5.443883155626797254e+00
-5.524139418131808199e+00
-5.535293515041040280e+00
-6.012110082232102748e+00
-5.636184033366702373e+00
-5.277432032857540811e+00
-4.987322119230316098e+00
-4.740903164883802923e+00
-4.571483343334015181e+00
-4.443752493171745144e+00
-4.368784547836916943e+00
-4.394995521017814433e+00
-4.354673699372429319e+00
-4.334104167085034653e+00
-4.286459882096278484e+00
-4.356160307635811080e+00
-4.392806212439793079e+00
-4.382305261241013383e+00
-4.480145552535464759e+00
-4.507057697508709992e+00
-4.538758408003934264e+00
-4.575062745896122607e+00
-4.714589469318085868e+00
-4.900331927969600265e+00
-5.030724429550069488e+00
-5.196144528451741351e+00
-5.273110244569071625e+00
-5.284737540535706657e+00
-6.202636578879468843e+00
-5.817457753544788446e+00
-5.451061552482730832e+00
-5.153127684333679959e+00
-4.897784456044499635e+00
-4.718153298775400906e+00
-4.578294751448256150e+00
-4.489646058422646746e+00
-4.501161203599565397e+00
-4.444627087198363746e+00
-4.407262531357766022e+00
-4.343216502616668251e+00
-4.397635733423125970e+00
-4.419775458011903524e+00
-4.396078454292529081e+00
-4.483922489013430379e+00
-4.503378622406639664e+00
-4.531318054089179981e+00
-4.518804929930023029e+00
-4.587438883425228653e+00
-4.755559062846186791e+00
-4.873569289544863459e+00
-5.032580036779659594e+00
-5.107268750961227788e+00
-5.121716193647182003e+00
-6.349087174603353034e+00
-5.954798335489259742e+00
-5.581313742815581236e+00
-5.276218402822992815e+00
-5.012606031654769367e+00
-4.823474585262346181e+00
-4.671737335995970852e+00
-4.569424843900820932e+00
-4.566065246160047941e+00
-4.492531721682659906e+00
-4.437145985620363220e+00
-4.356114012116457879e+00
-4.394604412262744120e+00
-4.401308278914989991e+00
-4.363253074789382069e+00
-4.440135477580261281e+00
-4.451165968847739407e+00
-4.474898769008835764e+00
-4.462517446015722200e+00
-4.446642694666892659e+00
-4.574565807936005868e+00
-4.678886363679702676e+00
-4.831497044087949000e+00
-4.905022767434918940e+00
-4.924842308622202403e+00
-6.519869016643869308e+00
-6.116928716322477477e+00
-5.737259913519010546e+00
-5.425958126741825538e+00
-5.154906504650593746e+00
-4.957112798637002271e+00
-4.794163756698988088e+00
-4.678717979397530868e+00
-4.661006386897147635e+00
-4.570466045976250946e+00
-4.496816114366521511e+00
-4.398142864751350523e+00
-4.420047537262114190e+00
-4.410342706595604234e+00
-4.356691814760967674e+00
-4.421616081060591341e+00
-4.423158023995586774e+00
-4.441982954523031601e+00
-4.429722218732081274e+00
-4.420126156020768526e+00
-4.422159117614306467e+00
-4.519302683524123232e+00
-4.665551247414690295e+00
-4.739151954381937593e+00
-4.767183733961975811e+00
-6.675593958614781442e+00
-6.264207531367832260e+00
-5.879077122396004995e+00
-5.562398189976439866e+00
-5.284585073035140468e+00
-5.078748937599238289e+00
-4.904645113770405018e+00
-4.775893904734366480e+00
-4.743632733393935652e+00
-4.635155444003840053e+00
-4.541946628641454708e+00
-4.424824157578728823e+00
-4.429454320351221774e+00
-4.402295298738626350e+00
-4.331696248394952597e+00
-4.383647160589664971e+00
-4.374559145976342656e+00
-4.387680572940199752e+00
-4.375167958188347583e+00
-4.372649195436610903e+00
-4.390141278568983729e+00
-4.329877780906032037e+00
-4.490136363382898566e+00
-4.565200618033496305e+00
-4.604664339473200307e+00
-6.900208821122760128e+00
-6.480679325745865249e+00
-6.090928121042031407e+00
-5.769867989483664417e+00
-5.486131216913666009e+00
-5.273008265058634514e+00
-5.088126370523865738e+00
-4.946246713136089213e+00
-4.899741303007091986e+00
-4.772893306339879516e+00
-4.659477017406094213e+00
-4.522922827037835880e+00
-4.509552586461113677e+00
-4.463795435138371737e+00
-4.374733478164518630e+00
-4.412681217850328075e+00
-4.391731481615655852e+00
-4.398295049190902972e+00
-4.385041857407744992e+00
-4.389956767416803629e+00
-4.424983640133687501e+00
-4.391972753135209295e+00
-4.406406457360619200e+00
-4.470422225931137916e+00
-4.524945465482547391e+00
-7.110974508564114061e+00
-6.682549660436921890e+00
-6.287939561089448404e+00
-5.962456630667709589e+00
-5.672604445815261798e+00
-5.451926879664094727e+00
-5.254160792668672642e+00
-5.096616543119178111e+00
-5.033333132923577757e+00
-4.884347917695023078e+00
-4.746354279960710798e+00
-4.589072635363609542e+00
-4.556904094310438857e+00
-4.491231899394151128e+00
-4.381907458385501997e+00
-4.404802266305809511e+00
-4.370608745275130325e+00
-4.369684682442568580e+00
-4.355099504327307081e+00
-4.367692110919361603e+00
-4.421822060347355254e+00
-4.419057942097938785e+00
-4.480223467950549932e+00
-4.497262483664132837e+00
-4.425797779054026826e+00
