4.597017940394192148e-02
3.554188388803310172e-02
2.894288273213682650e-02
2.286240387779352526e-02
1.892939244559056419e-02
1.478471731432950964e-02
1.224909014070675074e-02
1.010565743707348384e-02
7.133414863027374639e-03
6.768437833016299580e-03
6.695031728748300145e-03
7.171700423575278621e-03
5.953151170287987980e-03
5.662157762151719467e-03
6.297671152827968508e-03
5.333655696108052791e-03
5.433626335752384656e-03
5.339240958239561789e-03
5.647520612659477461e-03
5.813602401471001588e-03
5.612666025992458715e-03
6.363363032898609536e-03
6.355232359015637253e-03
7.127146325843460722e-03
7.512558772108134282e-03
