7.299181261610152016e-02
5.962968242325429602e-02
4.496609630469454444e-02
3.117950726657280763e-02
2.207479165333522605e-02
1.603939748887614480e-02
1.416938035958449985e-02
1.164081280703989363e-02
7.280564826581943302e-03
6.484372036021566338e-03
5.629125434982897372e-03
5.946485188689462111e-03
4.661986617385732723e-03
3.858855627266451899e-03
3.932233122743523934e-03
3.539858589846210397e-03
3.209562077881181977e-03
3.277572518553475631e-03
2.963836119227201971e-03
3.230309627198602301e-03
3.165220983050915250e-03
3.335207834221371858e-03
3.399445916687413981e-03
4.122368455588108424e-03
4.676449216765656697e-03
