2.999999999999999889e-01
2.999999999999999889e-01
2.999999999999999889e-01
2.999999999999999889e-01
2.999999999999999889e-01
2.999999999999999889e-01
-7.152591609192008093e+00
-2.011402002659512800e-01
-1.697782355565499168e+00
-1.145059266710060308e+00
-6.687721049268646745e-01
1.542245277763915068e+00
1.200829159081750364e+00
-3.014587661559061882e+00
1.549056758578726267e-01
5.332576251832062963e-01
-3.888309973118831975e-01
1.134286216786252410e+00
3.021709388151669451e+00
9.490209216288764127e-01
-4.933638567118945328e-01
-6.912183353044830669e-01
-1.455598621973992257e+00
-8.803764995180458908e-02
-5.885303196593811847e-01
1.477450478298149905e+00
-5.425084105397115497e-01
-2.489538002676007444e+00
-9.061171729087038607e-01
4.010473174370038585e+00
3.930543449712458615e-01
-6.352406490833351072e-01
7.490778640657981269e-01
-1.502402212107190049e+00
8.372567685765143486e-02
5.624466674281135975e-02
