-3.512495892029192657e+00
-4.510504074070825098e+00
-5.394490765740798999e+00
-6.216758352586412073e+00
-6.946198682483823106e+00
-7.626213310900880060e+00
-8.203532341002777173e+00
-8.700319855687517645e+00
-9.178985450255193967e+00
-9.459110893707817880e+00
-9.652400733387718645e+00
-9.753891748450969956e+00
-9.905412069324000868e+00
-9.961348891249937054e+00
-9.925018973534974975e+00
-9.978760434100086840e+00
-9.956452331320353011e+00
-9.960774971595341754e+00
-9.966638460683245881e+00
-1.003422106074888021e+01
-1.019944505663253587e+01
-1.039490977996330479e+01
-1.075690968179092266e+01
-1.120849913919794894e+01
-1.181194827813148684e+01
-2.707303190929712944e+00
-3.054342983685064183e+00
-3.977108493279443824e+00
-4.839695030177407986e+00
-5.608220992826181472e+00
-6.327018623337173686e+00
-6.946215726509011645e+00
-7.491445195162072856e+00
-8.023913658392634929e+00
-8.359243273779876304e+00
-8.609071976440755947e+00
-8.768097715665371439e+00
-8.979325983729184557e+00
-9.094994279068027154e+00
-9.117809624701749271e+00
-9.229917630209468982e+00
-9.262818564316948056e+00
-9.317575606830180490e+00
-9.366787616572146646e+00
-9.467962264255531224e+00
-9.654140332467488150e+00
-9.855118199587327155e+00
-1.020401033985868722e+01
-1.062040537338154778e+01
-1.116350429853198278e+01
-2.709338406164608859e+00
-2.396051678708289057e+00
-2.700446061827398658e+00
-3.597517400897916939e+00
-4.403925927370555549e+00
-5.160765101711779046e+00
-5.817884704539137530e+00
-6.403146249911126908e+00
-6.979955246855477746e+00
-7.361791232050923561e+00
-7.659450375760055607e+00
-7.867173965688816217e+00
-8.128956753457933004e+00
-8.295386767160271901e+00
-8.368594384393935215e+00
-8.530758136537590630e+00
-8.611165026069173223e+00
-8.709560814300203901e+00
-8.796435112899567699e+00
-8.926963833941462312e+00
-9.131533017306061595e+00
-9.337077519657782432e+00
-9.673615256925666372e+00
-1.005736747443979517e+01
-1.054492794587788573e+01
-2.704978364051294104e+00
-2.420474114474979732e+00
-2.157971451375509719e+00
-2.465497132926447232e+00
-3.301662659496033658e+00
-4.090121690831420409e+00
-4.779983465286629318e+00
-5.398465890206111339e+00
-6.010504841242328311e+00
-6.429799143367922909e+00
-6.766793502575394470e+00
-7.015042360661563059e+00
-7.319124251117863800e+00
-7.528411917677109599e+00
-7.644484568790884893e+00
-7.849578994813404265e+00
-7.971011407763380241e+00
-8.107361846841888209e+00
-8.227166591281509511e+00
-8.383460826662807008e+00
-8.604091879776753160e+00
-8.813139265023067992e+00
-9.137561364167877898e+00
-9.490344221815918857e+00
-9.925667702229068468e+00
-2.732128699111876280e+00
-2.470554913773667316e+00
-2.224357852990983098e+00
-2.063847532678746433e+00
-2.344320364444462790e+00
-3.156429336899011062e+00
-3.870147407353591973e+00
-4.513887943204753839e+00
-5.152386503276241925e+00
-5.599760454736830262e+00
-5.966863320147723471e+00
-6.246936135770550180e+00
-6.584792457413929156e+00
-6.828884556228756786e+00
-6.980271569777508844e+00
-7.221194361367675008e+00
-7.377275529591143410e+00
-7.546015959083101521e+00
-7.694143031964664203e+00
-7.872686649555885374e+00
-8.107051977132883280e+00
-8.318527394609077419e+00
-8.631057226577622643e+00
-8.954528913534115730e+00
-9.340790209917976483e+00
-2.790645780477700288e+00
-2.546119850958787456e+00
-2.311783269984512668e+00
-2.156155510029735822e+00
-2.061515551015200565e+00
-2.363180782028688753e+00
-3.093271871132355244e+00
-3.752431766957487813e+00
-4.407823746086525496e+00
-4.873843719117314954e+00
-5.261414250960151584e+00
-5.564012383592079836e+00
-5.926674281572021918e+00
-6.197227059986597730e+00
-6.376224321741540635e+00
-6.645800271776764134e+00
-6.830157395966605982e+00
-7.025759379829120022e+00
-7.197653518461135214e+00
-7.394967309107470577e+00
-7.640755470941414274e+00
-7.853605814913485972e+00
-8.154492799373290524e+00
-8.450309017783681043e+00
-8.790564573680780924e+00
-2.948501943831125960e+00
-2.715049975623061052e+00
-2.488229468304818504e+00
-2.334821044557031655e+00
-2.235969658053244657e+00
-2.242206555633404097e+00
-2.519751128911924543e+00
-3.185691690547222343e+00
-3.846793929349994201e+00
-4.320909702261669594e+00
-4.718557044245923926e+00
-5.033604189996551348e+00
-5.411396847680627786e+00
-5.699549280047414790e+00
-5.898113229515215217e+00
-6.188939819331953807e+00
-6.395058321500422416e+00
-6.611896108441571940e+00
-6.802936597131099994e+00
-7.015494563374361725e+00
-7.270378328432355097e+00
-7.483596160470890268e+00
-7.773216047758555014e+00
-8.043232830764466712e+00
-8.340774867019215222e+00
-3.092680807992036041e+00
-2.864350998636699064e+00
-2.640342395682815813e+00
-2.485636997282685279e+00
-2.380204323855485526e+00
-2.373143668481375368e+00
-2.417732870767075770e+00
-2.700866681581099105e+00
-3.360315831936393050e+00
-3.832926418569044369e+00
-4.230843095061000092e+00
-4.548514825256008365e+00
-4.931621989081898860e+00
-5.228215404996603866e+00
-5.438040874738521602e+00
-5.742560050663237270e+00
-5.963905303705902661e+00
-6.196433302394395604e+00
-6.402138738153284159e+00
-6.626553269615484076e+00
-6.888289862075098746e+00
-7.100850106300892861e+00
-7.379394113522317333e+00
-7.625027913362636411e+00
-7.882365987053980838e+00
-3.139254120822731142e+00
-2.910510205908004355e+00
-2.685077838675630435e+00
-2.525825238719370702e+00
-2.411717190461373228e+00
-2.390441225247009971e+00
-2.414908053869828652e+00
-2.509477522478101186e+00
-2.862396616361755353e+00
-3.327225310418699955e+00
-3.717247745985055474e+00
-4.028780480600110181e+00
-4.408055352099871094e+00
-4.704218752551329708e+00
-4.917025793874018724e+00
-5.227553043562041424e+00
-5.457438357194719813e+00
-5.699985730679989260e+00
-5.915804043368994236e+00
-6.148658603780606136e+00
-6.414988788662154384e+00
-6.625825650579129977e+00
-6.893376767846564945e+00
-7.115837102577816431e+00
-7.335171371938252527e+00
-3.346696660045771932e+00
-3.111609561882924258e+00
-2.880364611007630415e+00
-2.713586022331696324e+00
-2.589158903456396210e+00
-2.553501918415430172e+00
-2.559000004516066795e+00
-2.629830150009099476e+00
-2.823570272316126228e+00
-3.058802028404537854e+00
-3.432037298877105069e+00
-3.727563211039525815e+00
-4.092899050546766837e+00
-4.378930958972836684e+00
-4.585801677939345566e+00
-4.894154291969610604e+00
-5.125503186784768239e+00
-5.372068860139576962e+00
-5.593164310926783678e+00
-5.830818145425482157e+00
-6.099381651349856881e+00
-6.307551807668158261e+00
-6.564640833057410418e+00
-6.766006487698422944e+00
-6.950897396612147006e+00
-3.559925327221377334e+00
-3.312983457935460674e+00
-3.071569996662478985e+00
-2.894109370502540024e+00
-2.757269759562322786e+00
-2.706218442968479465e+00
-2.692664803430962817e+00
-2.740328563083041846e+00
-2.906410866592433528e+00
-2.999906398561144272e+00
-3.218982989143384099e+00
-3.491145359856233199e+00
-3.834399425684915208e+00
-4.101729658127189815e+00
-4.294335300016859591e+00
-4.592635239618221732e+00
-4.818490294211224878e+00
-5.063150961854248067e+00
-5.284779344302870996e+00
-5.523685428796753172e+00
-5.792163962006806166e+00
-5.996643589128329843e+00
-6.243509150263926166e+00
-6.425283679769196787e+00
-6.578390898668588171e+00
-3.867926496869207309e+00
-3.603562028537014239e+00
-3.347417565394787520e+00
-3.156068348144576152e+00
-3.004748977526144227e+00
-2.937334228386197399e+00
-2.904787856326227491e+00
-2.930212548320528132e+00
-3.070462144326270071e+00
-3.135320057457528176e+00
-3.221341777391119710e+00
-3.405466577182554300e+00
-3.718890192317427790e+00
-3.959328004187894212e+00
-4.129513461751355585e+00
-4.410000092400430560e+00
-4.623330929223025798e+00
-4.860046321538813885e+00
-5.077355793864465561e+00
-5.313897324646654319e+00
-5.579946674996898892e+00
-5.779746770551621893e+00
-6.016736310604231086e+00
-6.180628514748507385e+00
-6.304935223747005324e+00
-4.066331014260479826e+00
-3.779653039009614801e+00
-3.504911160173524109e+00
-3.296998218860757834e+00
-3.129461907966184508e+00
-3.044894504642144728e+00
-2.993429429645899642e+00
-2.997377738568617556e+00
-3.113122382179852377e+00
-3.150985029452446629e+00
-3.207778907775091781e+00
-3.262302473473627007e+00
-3.542501606088292121e+00
-3.749333740492581502e+00
-3.890313140922728508e+00
-4.146544212845760136e+00
-4.341224076083195271e+00
-4.564512149937190344e+00
-4.772909258103030794e+00
-5.003558576069228714e+00
-5.264812971651055662e+00
-5.458804553018731021e+00
-5.685965138345095760e+00
-5.833173210662466524e+00
-5.930913874642061323e+00
-4.299808748769275546e+00
-3.985673514066921275e+00
-3.688107745178082819e+00
-3.460736798906082434e+00
-3.275230042344518644e+00
-3.172749020496296701e+00
-3.102569133714311089e+00
-3.086092416883590595e+00
-3.179091811635227138e+00
-3.192243648424047286e+00
-3.222416469280706686e+00
-3.249233288197490577e+00
-3.401442453823349865e+00
-3.613138131610052817e+00
-3.717611907311757502e+00
-3.942992961314095712e+00
-4.112955784860528041e+00
-4.317521215378371302e+00
-4.512596086797652006e+00
-4.733991314793454919e+00
-4.988233264628681773e+00
-5.175448005103228333e+00
-5.393094913396050849e+00
-5.525254569496748758e+00
-5.599351095211858365e+00
-4.632599843352473989e+00
-4.285438033532640745e+00
-3.960455962839424249e+00
-3.710308256517834025e+00
-3.504806144747757646e+00
-3.383433185041801572e+00
-3.294521929175980191e+00
-3.258471763191516324e+00
-3.330315519447771155e+00
-3.320948185494221772e+00
-3.327063156538045074e+00
-3.328813930445437830e+00
-3.455524315842332772e+00
-3.542124342692805516e+00
-3.672520778393217888e+00
-3.860334859765681248e+00
-3.999565843969023593e+00
-4.180262574008656529e+00
-4.357809418677225821e+00
-4.566840148008279421e+00
-4.812109271537673649e+00
-4.991759201590761919e+00
-5.200373562471943600e+00
-5.319271761233488327e+00
-5.372848824607620699e+00
-4.929064107595221067e+00
-4.543527123444727422e+00
-4.186927283183008441e+00
-3.911121819785492004e+00
-3.683965363752113031e+00
-3.543013224505593417e+00
-3.435567839639622978e+00
-3.380913912410445477e+00
-3.433186486411756277e+00
-3.403353326519360511e+00
-3.387718613821732117e+00
-3.366767697031375572e+00
-3.470285122988992832e+00
-3.534221230404536396e+00
-3.544927544493924998e+00
-3.763812641374493229e+00
-3.866506330177237771e+00
-4.018470325065059079e+00
-4.174555823807822641e+00
-4.368335645006248491e+00
-4.602855673575860784e+00
-4.774213217808548571e+00
-4.974245801265842815e+00
-5.081454311968286675e+00
-5.117238396673108980e+00
-5.243764569523496455e+00
-4.813790569795186158e+00
-4.420950436560699082e+00
-4.116302677919621011e+00
-3.865645253040315144e+00
-3.704339031185675424e+00
-3.578489122993032012e+00
-3.506169453477761877e+00
-3.540477280877730060e+00
-3.492314286471010831e+00
-3.457399210915367949e+00
-3.416324833611707579e+00
-3.499129335471309332e+00
-3.542662613477215672e+00
-3.534295226827162129e+00
-3.642499300727607636e+00
-3.765752092408432450e+00
-3.883902910969654343e+00
-4.014528984880842089e+00
-4.190210214099028718e+00
-4.412322915170757476e+00
-4.574806357360289510e+00
-4.766894678143295039e+00
-4.864159374739415398e+00
-4.885036578076063840e+00
-5.624410886899124051e+00
-5.143092999606762028e+00
-4.708705602437692761e+00
-4.371549282176427909e+00
-4.095154310709808954e+00
-3.912491868283800578e+00
-3.768204907210708221e+00
-3.679041164734915714e+00
-3.696927173365913255e+00
-3.632537178517456056e+00
-3.580844553124673535e+00
-3.522328439012530232e+00
-3.587021009460027443e+00
-3.612485401095904436e+00
-3.586843750159192545e+00
-3.679382018122253850e+00
-3.704401603872223614e+00
-3.821383999147130339e+00
-3.922470720686535461e+00
-4.077161237150240147e+00
-4.285224291084884563e+00
-4.438300467940759830e+00
-4.623141233072586509e+00
-4.712258773548257729e+00
-4.721135342112687816e+00
-5.974397746473662174e+00
-5.435443822523967405e+00
-4.954471581437778660e+00
-4.581368062729858970e+00
-4.277242470211223058e+00
-4.072446738584803327e+00
-3.909857282521412625e+00
-3.804789219062185701e+00
-3.807861403984112769e+00
-3.729321748739903075e+00
-3.663240299181785176e+00
-3.589773952914681043e+00
-3.638711745975801826e+00
-3.648159584551389667e+00
-3.606768721667143573e+00
-3.684428970527937608e+00
-3.696639196714965880e+00
-3.730771219885308909e+00
-3.801678257735766397e+00
-3.932481033798005399e+00
-4.124853900367302373e+00
-4.267951517521303195e+00
-4.446154361773174912e+00
-4.528762793615716653e+00
-4.528290354150517949e+00
-6.419707812578411499e+00
-5.816350288220774267e+00
-5.283172584081389900e+00
-4.869897952841892419e+00
-4.535251955485867903e+00
-4.306973964283924872e+00
-4.125851482434538475e+00
-4.005589029358274544e+00
-3.995354723481579828e+00
-3.904721656272073016e+00
-3.826745636424162100e+00
-3.741058019295433024e+00
-3.776952689608413127e+00
-3.772827826745076774e+00
-3.717613203749320139e+00
-3.781559451894469515e+00
-3.781148258648935556e+00
-3.804745338318964887e+00
-3.810959825468403839e+00
-3.880571582695612420e+00
-4.055533008308987775e+00
-4.188103397575334341e+00
-4.360383677282893444e+00
-4.438261463639263660e+00
-4.431291198169693857e+00
-6.842153915580202472e+00
-6.168536012149852255e+00
-5.578421155358748607e+00
-5.121430506152441886e+00
-4.753951225672878422e+00
-4.501140913613260075e+00
-4.301437058967327864e+00
-4.166801725671208878e+00
-4.144820012356144723e+00
-4.044108388287354749e+00
-3.956589040977966043e+00
-3.861158937049274709e+00
-3.886397089142807904e+00
-3.870761852652705670e+00
-3.803246303366202952e+00
-3.854213931465565679e+00
-3.840888314291554639e+00
-3.852355478287248225e+00
-3.848298995064910688e+00
-3.873712331929689334e+00
-3.959333888654300360e+00
-4.080777552529371910e+00
-4.247772306362773698e+00
-4.322546965931332252e+00
-4.311701587419101145e+00
-7.315249373392182619e+00
-6.564939955750306311e+00
-5.912753352572298837e+00
-5.408197964385863976e+00
-5.005268313262895674e+00
-4.726586240419417884e+00
-4.508066259899294437e+00
-4.359763005571920758e+00
-4.327543180803549383e+00
-4.218758689161840714e+00
-4.124094529537174481e+00
-4.021511535088027500e+00
-4.038670618792126632e+00
-4.013808363150994651e+00
-3.935741164624769084e+00
-3.974690403394929739e+00
-3.948372344600560524e+00
-3.946333643312689876e+00
-3.929058794040624747e+00
-3.942570902508885311e+00
-4.008553328114916603e+00
-4.019119442764145234e+00
-4.181501063795105111e+00
-4.254840807821665294e+00
-4.242842118588815659e+00
-7.800250109218135997e+00
-6.966689915330482208e+00
-6.247263506232537900e+00
-5.691372050433364471e+00
-5.250508772259808055e+00
-4.944692743804430357e+00
-4.707145670866810683e+00
-4.545864808862166484e+00
-4.504876312997116550e+00
-4.389972761601792506e+00
-4.290478834659577245e+00
-4.183212665532899166e+00
-4.194725482735278455e+00
-4.162747869833164138e+00
-4.075686820970324753e+00
-4.103370996089565459e+00
-4.063753762223818455e+00
-4.046574448141734948e+00
-4.012834669568801083e+00
-4.009324837820176235e+00
-4.058789958439218637e+00
-4.081244031166001207e+00
-4.120728711386741239e+00
-4.194255654354270391e+00
-4.183798595512087104e+00
-8.387465277429585697e+00
-7.462629597615758392e+00
-6.669781454005829779e+00
-6.058116275371760118e+00
-5.576404601283023510e+00
-5.241873724377104082e+00
-4.984893407797789777e+00
-4.811207892858865520e+00
-4.762836313003647959e+00
-4.643732427589468692e+00
-4.541723302696079045e+00
-4.432288657395190512e+00
-4.440694940826235282e+00
-4.403880487777589892e+00
-4.309596068086434251e+00
-4.327009787319965106e+00
-4.274043547959385236e+00
-4.240346904998745892e+00
-4.187151490785010921e+00
-4.161718165386296242e+00
-4.187587725610550926e+00
-4.185480400656865108e+00
-4.282001662869733494e+00
-4.229800216460780860e+00
-4.223718117835382202e+00
-9.011438959235022139e+00
-7.985648500641365999e+00
-7.111937169507962508e+00
-6.439074949143477333e+00
-5.912847939512665185e+00
-5.547410984486144336e+00
-5.270032519942390081e+00
-5.084018858542282082e+00
-5.029201634638557294e+00
-4.907412616129028571e+00
-4.804793272662548631e+00
-4.695259079108793365e+00
-4.702587682588078799e+00
-4.662643303431277531e+00
-4.562277224343923798e+00
-4.569729195481601280e+00
-4.502632891493471234e+00
-4.450269399824151151e+00
-4.373829730496185952e+00
-4.320751784237450543e+00
-4.315087289810357163e+00
-4.277919260118872025e+00
-4.337412875449159877e+00
-4.409890305152994294e+00
-4.282315402310235442e+00
