5.000000404602659154e-01 2.059852871907781047e-01 2.427358027746802982e+00
-5.913595203209160545e+00 8.219981938425070522e-01 -7.194170555978364412e+00
-1.430302204841679414e-01 7.170935901773639598e-02 -1.994582331279676435e+00
-1.578553832252175715e+00 2.979199850144196304e-01 -5.298583215811359715e+00
-8.865507463421418155e-01 3.035884729807685201e-01 -2.920238497982439174e+00
-3.973002786124377739e-01 5.363593277404380411e-01 -7.407352833522539148e-01
1.380919645183892319e+00 5.718436311010597350e-01 2.414855338206691737e+00
9.536355916682551781e-01 4.910195953117764689e-01 1.942153838204231597e+00
-2.737351089640224444e+00 6.153054783756910506e-01 -4.448767621680206119e+00
7.994044572885192212e-02 1.512223744357088506e-01 5.286284257018993848e-01
5.946102662751147072e-01 1.982418789514242274e-01 2.999418031246635419e+00
-1.812770552936247576e-03 2.098661841628088609e-01 -8.637744857122604814e-03
8.643425209738255788e-01 2.432724481968112640e-01 3.552981553729252617e+00
2.615631129409531574e+00 6.468443258021691067e-01 4.043679483724027079e+00
5.471549663128043584e-01 6.257304999964095060e-01 8.744259170936113934e-01
-4.135842562098157593e-01 7.944381164990038657e-01 -5.205997139619047420e-01
-2.383591680133873569e-01 8.906358858703921078e-01 -2.676280753951947311e-01
-1.253024827514166883e+00 5.552169950328899040e-01 -2.256820015820913738e+00
-3.500055231861276539e-01 6.206564344546043888e-01 -5.639279700591383060e-01
-4.914519927863738036e-01 1.506815294684953066e-01 -3.261527769992056403e+00
1.329657645928362220e+00 2.350850707271811002e-01 5.656070127360171895e+00
-6.053177741204086582e-01 9.804966128946140946e-02 -6.173583530629386473e+00
-1.986374443628237119e+00 3.307170194048200673e-01 -6.006266164357208837e+00
-8.022182980593821622e-01 2.790871477640339271e-01 -2.874436549610130065e+00
3.258785709353664295e+00 5.947012320853228839e-01 5.479702300139375204e+00
3.142849924363578795e-01 3.041066709679492441e-01 1.033469576435175785e+00
-3.373985833988419336e-01 3.836802334327144570e-01 -8.793744217162313692e-01
6.489198990772526709e-01 1.867846721666344134e-01 3.474160334196684019e+00
-1.360873857174843327e+00 2.553645999974344383e-01 -5.329140598142873664e+00
9.364119053316211083e-02 3.939584958503251216e-02 2.376930349757929495e+00
3.099742717548142207e-02 4.785503962465955524e-02 6.477359003064860898e-01
