5.925054968986675358e-02
5.146557631371495578e-02
4.499520531359858799e-02
3.685672937339509736e-02
3.068240005070489024e-02
2.375174583225858269e-02
1.918886740569708191e-02
1.532839187503522681e-02
1.056432443390529358e-02
9.647529123260879108e-03
9.194312558283294218e-03
9.492507584389507994e-03
7.734572669083058377e-03
7.198098014342430885e-03
7.802914420439706691e-03
6.531396833648209568e-03
6.532787372067278865e-03
6.310130508767390796e-03
6.540670872904742576e-03
6.598608399019188081e-03
6.248606921876808697e-03
6.925828612555738097e-03
6.792121388440553083e-03
7.496235702638225779e-03
7.818458705566095485e-03
