7.599945666376105302e-02
6.826640262522153113e-02
5.763140292271690807e-02
4.483271291812782749e-02
3.475704845003989990e-02
2.682088688021759537e-02
2.372320515999081295e-02
1.949264833477601030e-02
1.272077028605600284e-02
1.102666621629036156e-02
9.359302227587726342e-03
9.373199213200523669e-03
7.356043842125067206e-03
6.059853115937943735e-03
5.966549284073955142e-03
5.312062020183749844e-03
4.770260099800524740e-03
4.751542667694983596e-03
4.266794116465257546e-03
4.502041686071841728e-03
4.327608532904413455e-03
4.428256270791890853e-03
4.392142415731013771e-03
5.085661465887045957e-03
5.524462982308784610e-03
