5.000000356240983379e-01
-5.909878581029679445e+00
-1.459521014303297171e-01
-1.567515842545511573e+00
-9.095983626458348237e-01
-3.919107508216574387e-01
1.410801225983142171e+00
9.486381361010851609e-01
-2.764562686466963015e+00
7.680539492289335801e-02
6.069408504802800142e-01
-1.233597853892025309e-02
8.810594064326749963e-01
2.597522105640951207e+00
5.196960349919759192e-01
-4.154180053570785680e-01
-1.685107334444527205e-01
-1.243633635002878934e+00
-3.877537555655078405e-01
-4.877112036711324650e-01
1.326573447946545414e+00
-5.995030087728723256e-01
-1.985657622653924204e+00
-7.953751874268438771e-01
3.222092143845033618e+00
3.120815728608651862e-01
-3.124071149706941219e-01
6.451816531796535914e-01
-1.359162579247078950e+00
9.295427343233789164e-02
3.082944868223201976e-02
