5.923061423653858126e-02
5.150915853372363407e-02
4.498505360443878776e-02
3.686391432161126303e-02
3.062527942377588075e-02
2.374760267352045776e-02
1.916493529835232995e-02
1.530827731318363388e-02
1.064505165499168501e-02
9.677072563210122741e-03
9.186870821480012245e-03
9.442789744671144236e-03
7.729621009820223515e-03
7.199438667049264627e-03
7.781648219669259729e-03
6.541241193344688939e-03
6.539751006400354102e-03
6.319288729184560985e-03
6.542481267849497087e-03
6.597090381265017719e-03
6.250441952028422052e-03
6.918600352562690424e-03
6.788392237193227596e-03
7.491217176461589800e-03
7.820304108516362707e-03
