7.599388626466838104e-02
6.826573471500708978e-02
5.766853040326715835e-02
4.480824704192236385e-02
3.469540010719215917e-02
2.673689471290230379e-02
2.381981514858446877e-02
1.960847150344365367e-02
1.262542854672381309e-02
1.098420981982445657e-02
9.333903507365664404e-03
9.428289591955400784e-03
7.362420434691308718e-03
6.045759844039027414e-03
5.978189775950725621e-03
5.316678147642469460e-03
4.767948298586926169e-03
4.757928601039100244e-03
4.261212262307692393e-03
4.505537934651519805e-03
4.323649873965192472e-03
4.422326087780734799e-03
4.379442285538518928e-03
5.082419812611028292e-03
5.532362188002752992e-03
