2.347575355809732257e-07
1.632783710328461479e-01
-7.563355424577857811e+00
-1.969061208143707553e-01
-1.874783566567393978e+00
-1.170301314423619177e+00
-5.042914783338637852e-01
1.520035011423778393e+00
1.316024582251230868e+00
-3.199835604218984830e+00
1.789787085746270545e-01
5.161749647683654407e-01
-3.701455509213532058e-01
1.138058209555276479e+00
2.846059469243125584e+00
8.651049287813853406e-01
-7.450069634876707036e-01
-2.130462960605430389e-01
-1.571292987673769570e+00
2.272189460883933601e-02
-6.100130660022463625e-01
1.463660280693505067e+00
-4.911110968909818131e-01
-2.412546727471996721e+00
-7.961018957665105811e-01
3.739648338636917924e+00
4.828521942638364095e-01
-6.951672680444225261e-01
7.803691495966482705e-01
-1.494666346416650748e+00
8.613148549030566481e-02
4.725162370152480307e-02
