-3.367708864518150325e+00
-4.222596310093214456e+00
-5.023120526779417006e+00
-5.791844992197430209e+00
-6.488288279190109087e+00
-7.146587138770996717e+00
-7.714935707347462923e+00
-8.215150362713874443e+00
-8.706911064988398508e+00
-9.008726209914296845e+00
-9.227546479180995576e+00
-9.353316356817110488e+00
-9.533532256509737124e+00
-9.615470465698169988e+00
-9.601236937994720222e+00
-9.685430288687546962e+00
-9.689286729626228833e+00
-9.723154094477180820e+00
-9.757973837774626347e+00
-9.856691567278438981e+00
-1.005700513544976538e+01
-1.028303736430585325e+01
-1.068501984816681727e+01
-1.118076751534370494e+01
-1.187588815211808679e+01
-2.707094313315308920e+00
-2.934308373419694860e+00
-3.782696239442150166e+00
-4.595587641692994829e+00
-5.333648795290196531e+00
-6.032370982937030668e+00
-6.641644335538949839e+00
-7.184610343511407926e+00
-7.720988180728793893e+00
-8.069240567100131045e+00
-8.336450361790561203e+00
-8.512528864917143778e+00
-8.744657660685414058e+00
-8.879504989036052010e+00
-8.918278449552007103e+00
-9.054384908271430277e+00
-9.107570342849557576e+00
-9.186385030444883526e+00
-9.259656418748427598e+00
-9.387895995114721615e+00
-9.606054025013255782e+00
-9.835216486290125459e+00
-1.022233388042172209e+01
-1.068175610058412595e+01
-1.131548460903127129e+01
-2.795371561945084959e+00
-2.368485096219836716e+00
-2.613106226263404164e+00
-3.476138645625793000e+00
-4.259057477244242662e+00
-4.999004919689123305e+00
-5.647484095253259007e+00
-6.229347118217043011e+00
-6.805631309658545902e+00
-7.195129879776355430e+00
-7.504966867988206225e+00
-7.725122538155971164e+00
-8.002685138655571961e+00
-8.183950489468987399e+00
-8.269446908101405924e+00
-8.451587340897676270e+00
-8.548807280138458253e+00
-8.668025159066715446e+00
-8.776110270586604756e+00
-8.931289899220738349e+00
-9.165912402878293008e+00
-9.398166684507595292e+00
-9.771850861242350916e+00
-1.019796106050129403e+01
-1.077498822842115800e+01
-2.860346707044494785e+00
-2.459775477491938478e+00
-2.139568390202879478e+00
-2.420129233501806088e+00
-3.250168143416483080e+00
-4.031115831764776836e+00
-4.716525727898981835e+00
-5.333031326017139584e+00
-5.943332056774386807e+00
-6.367462728260070648e+00
-6.713056973649413450e+00
-6.970235354122764626e+00
-7.286095353468041047e+00
-7.506733854309651122e+00
-7.632189951311234566e+00
-7.854062861751498481e+00
-7.989642503055059741e+00
-8.144365745580067539e+00
-8.283280450069053558e+00
-8.462452564433073476e+00
-8.711735186898840411e+00
-8.946506322125399535e+00
-9.307472026145230615e+00
-9.702305626154487328e+00
-1.022599017658998477e+01
-2.938454926996156402e+00
-2.558253260662379347e+00
-2.252858775838567418e+00
-2.064909922967867129e+00
-2.341705180266056896e+00
-3.163300469181304475e+00
-3.882970172082749194e+00
-4.529733043467931708e+00
-5.168143141876030633e+00
-5.619839543966905104e+00
-5.993613924196546705e+00
-6.280139567103276477e+00
-6.626679493711030489e+00
-6.879257258929794006e+00
-7.037575498714407907e+00
-7.292581601366315169e+00
-7.460575612956420244e+00
-7.645657339871537062e+00
-7.811185298841321512e+00
-8.011182165691112189e+00
-8.273106210342747957e+00
-8.509602551516875835e+00
-8.858336159268580090e+00
-9.223677968130061799e+00
-9.697091860127031282e+00
-3.029099896575537354e+00
-2.663466133306718664e+00
-2.368045671305843314e+00
-2.184350483142322386e+00
-2.083866044625239500e+00
-2.394401874399795460e+00
-3.146161966862484061e+00
-3.818832932729476326e+00
-4.479593386146297540e+00
-4.951957665021233801e+00
-5.346240654355735700e+00
-5.654155999166590618e+00
-6.023483541108000772e+00
-6.300367900302560109e+00
-6.484320621548574692e+00
-6.765780082581193788e+00
-6.960196637250932739e+00
-7.170465297065167221e+00
-7.358376772617678085e+00
-7.576019171640823835e+00
-7.848548233848521072e+00
-8.085946692369452293e+00
-8.422881110748647870e+00
-8.760429284277327255e+00
-9.186509634766357735e+00
-3.200378705656005351e+00
-2.843059461958140410e+00
-2.552682917405713070e+00
-2.369223274473845287e+00
-2.263415268464743058e+00
-2.275239420280207536e+00
-2.571526795752682837e+00
-3.265785345744302681e+00
-3.942738173177801730e+00
-4.428536757732558726e+00
-4.835319156347024361e+00
-5.156208836245583349e+00
-5.539903090392778395e+00
-5.832964646535402586e+00
-6.034900725833394652e+00
-6.335779630166618048e+00
-6.550324467697530295e+00
-6.780341080649598950e+00
-6.986162667853645480e+00
-7.218046790420934222e+00
-7.498941296699674908e+00
-7.736245666599134374e+00
-8.061684211439912318e+00
-8.373066465845042217e+00
-8.754751265308303942e+00
-3.350443407722198508e+00
-2.995746193567918603e+00
-2.706017767468135382e+00
-2.519541005440839587e+00
-2.405830210104203726e+00
-2.404386687570539305e+00
-2.464628422327616253e+00
-2.771173308720292106e+00
-3.459452243433497554e+00
-3.952288990612939035e+00
-4.364309227686239190e+00
-4.690364718353309037e+00
-5.080404533170709946e+00
-5.381754410347767248e+00
-5.594202639523733644e+00
-5.907657957399412574e+00
-6.136268008930238160e+00
-6.380865138644977286e+00
-6.600418898496914544e+00
-6.843434329541826955e+00
-7.130714471332810334e+00
-7.367118889628428313e+00
-7.681444279459496371e+00
-7.968208075781521238e+00
-8.308145806057735783e+00
-3.403538025871365669e+00
-3.046230143135935986e+00
-2.753235505640391878e+00
-2.561033505718985470e+00
-2.437774219312908386e+00
-2.422011673132881349e+00
-2.462959961404348697e+00
-2.579492109922545406e+00
-2.955698399068448445e+00
-3.450511249224526455e+00
-3.861344354833530446e+00
-4.185497585767716799e+00
-4.574505428643591110e+00
-4.876748358034624253e+00
-5.092578052002272315e+00
-5.411993506165190482e+00
-5.648770200236678640e+00
-5.902923559146983301e+00
-6.132176449893973924e+00
-6.383365480757918320e+00
-6.675203261860103154e+00
-6.910034166996127603e+00
-7.213719994138575231e+00
-7.477444225844369186e+00
-7.778246351271437931e+00
-3.608156728449347650e+00
-3.241490339081081196e+00
-2.939919763309445599e+00
-2.738027114526307759e+00
-2.602516729629019476e+00
-2.570892180873721511e+00
-2.591770472422942895e+00
-2.684194012338585011e+00
-2.900478846249630038e+00
-3.160302318888217332e+00
-3.562219524414525385e+00
-3.875949006260285490e+00
-4.255215939265100999e+00
-4.549780329975647852e+00
-4.760820443867737062e+00
-5.078654540435195486e+00
-5.316867926790939336e+00
-5.574792234184893225e+00
-5.809001298081646780e+00
-6.064744226230736501e+00
-6.358722501308540664e+00
-6.590844335373366114e+00
-6.884106559973750983e+00
-7.126406165917988034e+00
-7.391100980935218168e+00
-3.816778672001311268e+00
-3.435059644441266435e+00
-3.120579989301698554e+00
-2.905922036268209663e+00
-2.756243687499890349e+00
-2.707882707052240434e+00
-2.708672743107379155e+00
-2.777345952772843685e+00
-2.966584538166149976e+00
-3.084207504066910133e+00
-3.327003284099408820e+00
-3.623041959875933138e+00
-3.984822021884718790e+00
-4.263962196198768595e+00
-4.462735942549814538e+00
-4.772018276934264058e+00
-5.005420546773660995e+00
-5.261768998694446253e+00
-5.496616945337311932e+00
-5.753709097494899005e+00
-6.047789425115460915e+00
-6.276364459423707132e+00
-6.559581274253304173e+00
-6.782040077811760881e+00
-7.013378026590359582e+00
-4.118684816690984185e+00
-3.715546909453390612e+00
-3.383170476989584508e+00
-3.152065423577830039e+00
-2.985736731735327165e+00
-2.919252383314340005e+00
-2.899541334161078510e+00
-2.944831853176583358e+00
-3.107762195689544704e+00
-3.196732894261763658e+00
-3.305594862910973042e+00
-3.510282254404334168e+00
-3.846328782597881801e+00
-4.101807779775632490e+00
-4.280390424556950180e+00
-4.573729160193576782e+00
-4.795671340773931313e+00
-5.044727910838165741e+00
-5.275575398764811297e+00
-5.530539202732525972e+00
-5.822453522024761519e+00
-6.046457374273319196e+00
-6.319874139549964021e+00
-6.524014950049288331e+00
-6.724775720641789967e+00
-4.318305112689292180e+00
-3.888588648120672620e+00
-3.534523034447325962e+00
-3.284455047553032525e+00
-3.100115671853923782e+00
-3.015196953939764057e+00
-2.975585794283720720e+00
-2.998824122158740835e+00
-3.137261329564029921e+00
-3.199435854491915254e+00
-3.280007957594688772e+00
-3.353894852447651065e+00
-3.655555701386406398e+00
-3.880087650753913042e+00
-4.031508725922669178e+00
-4.302428112210565203e+00
-4.507077631710149745e+00
-4.743801888039327785e+00
-4.966548713831538286e+00
-5.216348679692766055e+00
-5.504203666173459020e+00
-5.722913700102604473e+00
-5.986967657246646368e+00
-6.174345338744761769e+00
-6.347128559093441424e+00
-4.555494865192677878e+00
-4.093150602754973555e+00
-3.712728689872264898e+00
-3.440361189637453077e+00
-3.235875109358399726e+00
-3.131479366693324273e+00
-3.071907402017714617e+00
-3.073880246308942965e+00
-3.189290039162900658e+00
-3.226591469304841198e+00
-3.280818093541011393e+00
-3.327927577849395746e+00
-3.499003353072096534e+00
-3.730221874056163678e+00
-3.846597900276302440e+00
-4.087932351042960377e+00
-4.268895343858373437e+00
-4.487786320150655150e+00
-4.697949939566388622e+00
-4.939225996375267158e+00
-5.220853616483433157e+00
-5.433333564625999479e+00
-5.688339644033764131e+00
-5.860520470943437310e+00
-6.008119529744051057e+00
-4.891843978534291537e+00
-4.390514594898119682e+00
-3.978740632187878656e+00
-3.680381459800714072e+00
-3.453264250499131549e+00
-3.327995851078605405e+00
-3.248040556563629444e+00
-3.229173742040458261e+00
-3.322686379324214734e+00
-3.336783781487866474e+00
-3.366633583010793185e+00
-3.388778412471668666e+00
-3.535485399420597474e+00
-3.636712209577170452e+00
-3.783508610903911773e+00
-3.987658531634170167e+00
-4.138285144459188380e+00
-4.333626638144602694e+00
-4.526539481386403274e+00
-4.755783104785916038e+00
-5.028903372783601888e+00
-5.234133289129170308e+00
-5.480346465184378957e+00
-5.638866700972062773e+00
-5.764089433162978615e+00
-5.194706141760361717e+00
-4.648867454070521710e+00
-4.201591588205512373e+00
-3.874391337870851881e+00
-3.622988028839916552e+00
-3.476258669044703709e+00
-3.376277398092730309e+00
-3.337733656446938646e+00
-3.411154486030227417e+00
-3.404309373784264903e+00
-3.412280128607555252e+00
-3.411933464241155622e+00
-3.536284946191891709e+00
-3.616604447739709016e+00
-3.637154079322496347e+00
-3.878783805964521214e+00
-3.992673690264360253e+00
-4.159175937473734486e+00
-4.330568570408756202e+00
-4.544592719783349999e+00
-4.807176556133025969e+00
-5.004331334841381818e+00
-5.242140576616771241e+00
-5.388587340348350629e+00
-5.494179452804213604e+00
-5.516065996869285115e+00
-4.919843335093468717e+00
-4.432573687636485182e+00
-4.073337130875637868e+00
-3.795667809940471926e+00
-3.626574605173695343e+00
-3.506619740572900934e+00
-3.449273739075195966e+00
-3.504149265249642209e+00
-3.478412387673226469e+00
-3.466862110563713184e+00
-3.446451116150969884e+00
-3.550669098701991544e+00
-3.611649932575465627e+00
-3.615102262730792049e+00
-3.737737986669568802e+00
-3.880125971048599354e+00
-4.012155672948669149e+00
-4.157596818333075817e+00
-4.353101866878034798e+00
-4.603031389204012669e+00
-4.791216305800976016e+00
-5.020965374291395555e+00
-5.156917667296370134e+00
-5.245672441762205374e+00
-5.900692825335590364e+00
-5.247958807256764224e+00
-4.715938351797694494e+00
-4.321187724900075189e+00
-4.014981935496495957e+00
-3.822340616418986592e+00
-3.682188493952126329e+00
-3.606646191661348588e+00
-3.644267270946544457e+00
-3.601455793409829020e+00
-3.572549179579233680e+00
-3.534368963788883988e+00
-3.620627203672585281e+00
-3.664031066770247147e+00
-3.651241867098439453e+00
-3.760487390838256339e+00
-3.795453116123261417e+00
-3.933937008863539919e+00
-4.048858546194345820e+00
-4.222464131053306424e+00
-4.457551834984739614e+00
-4.635815935601056204e+00
-4.857805437463870391e+00
-4.984816147224123917e+00
-5.059529839161582387e+00
-6.250866662730148349e+00
-5.536142572491000280e+00
-4.955287477625464732e+00
-4.522234848980440702e+00
-4.185909228502756818e+00
-3.969206843527338879e+00
-3.809281712003798059e+00
-3.716769617551471061e+00
-3.739011134337023812e+00
-3.681474983722074601e+00
-3.637840781662911027e+00
-3.584576050264651315e+00
-3.655375018960565381e+00
-3.683265447084904665e+00
-3.655565641423807577e+00
-3.751508267202777525e+00
-3.776319293261479970e+00
-3.823438429462676869e+00
-3.914468532459864925e+00
-4.063148976347055630e+00
-4.281479770604715185e+00
-4.449069500330944393e+00
-4.663740989606235843e+00
-4.783454020722321509e+00
-4.846957944680274188e+00
-6.691209009226712467e+00
-5.908233655437633125e+00
-5.273639219389524513e+00
-4.798646727947280866e+00
-4.429746486825121288e+00
-4.187626852203562677e+00
-4.007542567143518752e+00
-3.898513076587348358e+00
-3.906521292431558212e+00
-3.835941851885999565e+00
-3.779624476687637902e+00
-3.713484525786067358e+00
-3.770964183696537741e+00
-3.785148682167577050e+00
-3.743724462902489059e+00
-3.826603921988298573e+00
-3.840039729933806711e+00
-3.879027442769078959e+00
-3.898630044064069988e+00
-3.989362729156356924e+00
-4.188996190428681210e+00
-4.345030024801787683e+00
-4.552701212634701733e+00
-4.666671334913066183e+00
-4.721775742351568717e+00
-7.102186576611043023e+00
-6.245506561940459278e+00
-5.553109796877417459e+00
-5.033401994703535998e+00
-4.630338939698083855e+00
-4.362289441998171924e+00
-4.162469929953182657e+00
-4.038150188287382925e+00
-4.033803244475274496e+00
-3.952537381965585794e+00
-3.886179777955415915e+00
-3.809877782044421846e+00
-3.856584534274642984e+00
-3.859192366965142895e+00
-3.805493895126511816e+00
-3.875795354251318603e+00
-3.877037070573178035e+00
-3.905228506452068427e+00
-3.916896748053978250e+00
-3.960374134222438336e+00
-4.070206694896280730e+00
-4.214384437326970101e+00
-4.415637572006580136e+00
-4.525568372309385801e+00
-4.575154980509073432e+00
-7.556860370993254250e+00
-6.620589534703442247e+00
-5.865863467877855619e+00
-5.298180682660193597e+00
-4.858869304508758979e+00
-4.563893312673172886e+00
-4.344305819175396266e+00
-4.205491175738476528e+00
-4.190262127985208807e+00
-4.100293357200453848e+00
-4.026206873863765523e+00
-3.942179935897197840e+00
-3.980448270073741579e+00
-3.973457367676568985e+00
-3.908832522872747184e+00
-3.966986440891358434e+00
-3.955239261946625895e+00
-3.970262161326394423e+00
-3.969542241136798211e+00
-4.002755088690981289e+00
-4.094605994111139680e+00
-4.124085465514490068e+00
-4.319827251429917858e+00
-4.427450579015697940e+00
-4.474415094490154843e+00
-8.011555976153331926e+00
-6.990241543797736767e+00
-6.169089476490080770e+00
-5.550597786668054923e+00
-5.073373046383752083e+00
-4.750880623838904526e+00
-4.511882166668667260e+00
-4.359738782659076328e+00
-4.335451599334307460e+00
-4.239091367551403700e+00
-4.159886748537423351e+00
-4.070837070111553935e+00
-4.103229733694106152e+00
-4.088810266409241834e+00
-4.014766877397673461e+00
-4.061336311482679484e+00
-4.035921401637246220e+00
-4.035535778721660805e+00
-4.018268557166855715e+00
-4.034666261039805413e+00
-4.110544799879417788e+00
-4.159073873810203992e+00
-4.226203114963190011e+00
-4.333778385987040238e+00
-4.381187339716097640e+00
-8.553055791333001423e+00
-7.440977553879426942e+00
-6.548964919709710841e+00
-5.876460804503590651e+00
-5.359274679015165077e+00
-5.008289427627106605e+00
-4.749873436140990890e+00
-4.585224235539492987e+00
-4.553376315647295058e+00
-4.452626922338106752e+00
-4.370628427127935645e+00
-4.279005189798485986e+00
-4.307879750519862938e+00
-4.288055749330524691e+00
-4.206015662494586138e+00
-4.241533222233623057e+00
-4.201793247490336114e+00
-4.183836987012112374e+00
-4.146023036022322472e+00
-4.139401535552123867e+00
-4.190492707247115867e+00
-4.213159530741884318e+00
-4.349244082578329618e+00
-4.327506433934471985e+00
-4.378842348324230471e+00
-9.080155171643255585e+00
-7.873235412501906616e+00
-6.907571623566213681e+00
-6.179474654758907448e+00
-5.621864685797479666e+00
-5.242938691980501886e+00
-4.966547325743707830e+00
-4.791588005482265267e+00
-4.754978277171300505e+00
-4.653070412242350073e+00
-4.571749132763989643e+00
-4.481052831452161378e+00
-4.509707760289241918e+00
-4.487323969895714804e+00
-4.399409077331868367e+00
-4.424990924391673630e+00
-4.370744085771094412e+00
-4.333438449486994415e+00
-4.271395818607909511e+00
-4.235851076587777264e+00
-4.253698122337213228e+00
-4.239274596744416534e+00
-4.334496489661425755e+00
-4.452473692384483428e+00
-4.387504989645494291e+00
