-4.033568183477642122e-01 1.303369523902546012e+00 -3.094723414584945598e-01
-6.177274972927317975e-01 2.206548135342180750e+00 -2.799519699564304576e-01
-9.795240553144523687e+00 2.127013583332140811e+01 -4.605161259854052003e-01
-2.610833456117390705e-01 5.969864679271817964e-01 -4.373354500282995438e-01
-2.628369569454426458e+00 5.679385754258682084e+00 -4.627911684786591429e-01
-1.608820435377518843e+00 3.481724978312060514e+00 -4.620756795551022034e-01
-3.232086514876751915e-01 1.117391071669774139e+00 -2.892529389953761854e-01
2.020722202253947053e+00 4.076770362832552230e+00 4.956674088579134940e-01
1.518257843484370984e+00 3.332552076645343586e+00 4.555841314902119299e-01
-4.440495000851697682e+00 9.142704908023027599e+00 -4.856872277431830698e-01
4.044489076164735353e-02 2.493971535291721331e-01 1.621706189879047189e-01
1.060216454520638063e+00 2.184763846778886798e+00 4.852773704049394010e-01
2.019212585512273339e-01 4.847118512315999328e-01 4.165799908505794513e-01
1.559372522502812997e+00 3.422847828721460761e+00 4.555775192276914076e-01
4.166502315162919245e+00 9.043864176013695300e+00 4.606993464379301462e-01
1.188494375815065229e+00 3.255540135319268558e+00 3.650682609994947425e-01
-8.381870351734191926e-01 2.226587155165324905e+00 -3.764447455959492594e-01
-4.808326984248125213e-01 2.374652376574722279e+00 -2.024855103711565574e-01
-2.106605755314713058e+00 4.615998547474711167e+00 -4.563705412054733790e-01
-5.448940030912745591e-01 1.223095054969350004e+00 -4.455042156187355995e-01
-8.005432394771242466e-01 1.741697996190868292e+00 -4.596337833699813968e-01
2.253668379058494597e+00 4.843859927803197962e+00 4.652629127697722744e-01
-1.101422080362654210e+00 2.373898721381344501e+00 -4.639718074079206556e-01
-3.310455182592965784e+00 7.271570479763177275e+00 -4.552600008218282146e-01
-1.277436954588431206e+00 2.791221764622136448e+00 -4.576622935445493479e-01
5.428968915927864458e+00 1.213264410577122376e+01 4.474679112482519150e-01
5.336154059275141082e-01 1.256201042164871495e+00 4.247850368026355738e-01
-6.197150421175741108e-01 1.752374498196460184e+00 -3.536430384917056413e-01
1.104018313301182719e+00 2.408668619592477356e+00 4.583520972212323796e-01
-2.318733124054303651e+00 4.979424173286761679e+00 -4.656629046574637942e-01
1.837267621437145559e-01 4.037137148603208159e-01 4.550917033058473060e-01
3.605847231348530829e-02 1.146191581844923368e-01 3.145937632471978995e-01
