5.927324761830758681e-02
5.142605551117929163e-02
4.499569814108832222e-02
3.684969611677130913e-02
3.073110904938955099e-02
2.375980515958097533e-02
1.921049556364714389e-02
1.534394037338543057e-02
1.049846738589514314e-02
9.621851857572454730e-03
9.197123771023878180e-03
9.526914610919328188e-03
7.737031663770467527e-03
7.196529764429048827e-03
7.818400400182463211e-03
6.524477460924191057e-03
6.528128354484186158e-03
6.303699588122781659e-03
6.539262393179130425e-03
6.599049415226100092e-03
6.246053147808754494e-03
6.929235688790018680e-03
6.792916904214338358e-03
7.498220247657326823e-03
7.816977123289665930e-03
