7.601629261574591179e-02
6.826452176425983065e-02
5.759651343575134669e-02
4.484067168287864114e-02
3.479400704423511737e-02
2.687670818585304391e-02
2.366026521638960739e-02
1.941550584787606754e-02
1.278655391852312473e-02
1.105627958770537614e-02
9.378067177995665429e-03
9.333998233448033074e-03
7.352184473332456019e-03
6.070888643755874975e-03
5.957989471100457596e-03
5.308802956692982265e-03
4.772422874991641764e-03
4.746724484244740569e-03
4.271659200870309668e-03
4.499249021954059534e-03
4.330359329607055829e-03
4.431371198346728719e-03
4.399438290288844484e-03
5.083834215053850344e-03
5.518628876575087938e-03
