-4.033568183477642122e-01
-6.177274972927317975e-01
-9.795240553144523687e+00
-2.610833456117390705e-01
-2.628369569454426458e+00
-1.608820435377518843e+00
-3.232086514876751915e-01
2.020722202253947053e+00
1.518257843484370984e+00
-4.440495000851697682e+00
4.044489076164735353e-02
1.060216454520638063e+00
2.019212585512273339e-01
1.559372522502812997e+00
4.166502315162919245e+00
1.188494375815065229e+00
-8.381870351734191926e-01
-4.808326984248125213e-01
-2.106605755314713058e+00
-5.448940030912745591e-01
-8.005432394771242466e-01
2.253668379058494597e+00
-1.101422080362654210e+00
-3.310455182592965784e+00
-1.277436954588431206e+00
5.428968915927864458e+00
5.336154059275141082e-01
-6.197150421175741108e-01
1.104018313301182719e+00
-2.318733124054303651e+00
1.837267621437145559e-01
3.605847231348530829e-02
